1177	263
1177	1513
1177	822
1177	249
1177	821
1177	1551
1177	1306
1177	1406
1177	806
100	263
100	1513
100	822
100	249
100	821
100	1551
100	1306
100	1406
100	806
630	263
630	1513
630	822
630	249
630	821
630	1551
630	1306
630	1406
630	806
1477	263
1477	1513
1477	822
1477	249
1477	821
1477	1551
1477	1306
1477	1406
1477	806
982	263
982	1513
982	822
982	249
982	821
982	1551
982	1306
982	1406
982	806
1086	263
1086	1513
1086	822
1086	249
1086	821
1086	1551
1086	1306
1086	1406
1086	806
668	263
668	1513
668	822
668	249
668	821
668	1551
668	1306
668	1406
668	806
450	263
450	1513
450	822
450	249
450	821
450	1551
450	1306
450	1406
450	806
90	263
90	1513
90	822
90	249
90	821
90	1551
90	1306
90	1406
90	806
865	263
865	1513
865	822
865	249
865	821
865	1551
865	1306
865	1406
865	806
654	263
654	1513
654	822
654	249
654	821
654	1551
654	1306
654	1406
654	806
981	263
981	1513
981	822
981	249
981	821
981	1551
981	1306
981	1406
981	806
432	263
432	1513
432	822
432	249
432	821
432	1551
432	1306
432	1406
432	806
337	263
337	1513
337	822
337	249
337	821
337	1551
337	1306
337	1406
337	806
613	253
613	456
613	1029
613	1584
613	1443
613	666
613	1534
613	761
42	253
42	456
42	1029
42	1584
42	1443
42	666
42	1534
42	761
1037	253
1037	456
1037	1029
1037	1584
1037	1443
1037	666
1037	1534
1037	761
1188	253
1188	456
1188	1029
1188	1584
1188	1443
1188	666
1188	1534
1188	761
1547	253
1547	456
1547	1029
1547	1584
1547	1443
1547	1534
1547	761
94	253
94	456
94	1029
94	1584
94	1443
94	666
94	1534
94	761
467	253
467	456
467	1029
467	1584
467	1443
467	666
467	1534
467	761
1317	253
1317	456
1317	1029
1317	1584
1317	1443
1317	666
1317	1534
1317	761
746	253
746	456
746	1029
746	1584
746	1443
746	666
746	1534
746	761
948	253
948	1029
948	1584
948	1443
948	666
948	1534
948	761
734	253
734	456
734	1029
734	1584
734	1443
734	666
734	1534
734	761
643	253
643	456
643	1029
643	1584
643	1443
643	666
643	1534
643	761
46	253
46	456
46	1029
46	1584
46	1443
46	666
46	1534
46	761
343	253
343	456
343	1029
343	1584
343	1443
343	666
343	1534
343	761
1073	253
1073	456
1073	1029
1073	1584
1073	1443
1073	666
1073	1534
1073	761
1239	253
1239	456
1239	1029
1239	1584
1239	1443
1239	666
1239	1534
1239	761
1536	253
1536	456
1536	1029
1536	1584
1536	1443
1536	666
1536	1534
1536	761
593	253
593	456
593	1029
593	1584
593	1443
593	666
593	1534
593	761
1258	253
1258	456
1258	1029
1258	1584
1258	1443
1258	666
1258	1534
1258	761
332	253
332	456
332	1029
332	1584
332	1443
332	666
332	1534
332	761
1016	253
1016	456
1016	1029
1016	1584
1016	1443
1016	1534
1016	761
259	92
259	263
259	1513
259	822
259	249
259	821
259	1551
259	1306
259	1406
259	806
6	92
6	263
6	1513
6	822
6	249
6	821
6	1551
6	1306
6	1406
6	806
1377	92
1377	263
1377	1513
1377	822
1377	249
1377	821
1377	1551
1377	1306
1377	1406
1377	806
582	92
582	263
582	1513
582	822
582	249
582	821
582	1551
582	1306
582	1406
582	806
441	92
441	263
441	1513
441	822
441	249
441	821
441	1551
441	1306
441	1406
441	806
392	92
392	263
392	1513
392	822
392	249
392	821
392	1551
392	1306
392	1406
392	806
1526	92
1526	263
1526	1513
1526	822
1526	249
1526	821
1526	1551
1526	1306
1526	1406
1526	806
1130	92
1130	263
1130	1513
1130	822
1130	249
1130	821
1130	1551
1130	1306
1130	1406
1130	806
461	92
461	263
461	1513
461	822
461	249
461	821
461	1551
461	1306
461	1406
461	806
243	92
243	263
243	1513
243	822
243	249
243	821
243	1551
243	1306
243	1406
243	806
1167	92
1167	263
1167	1513
1167	822
1167	249
1167	821
1167	1551
1167	1306
1167	1406
1167	806
933	92
933	263
933	1513
933	822
933	249
933	821
933	1551
933	1306
933	1406
933	806
1161	92
1161	263
1161	1513
1161	822
1161	249
1161	821
1161	1551
1161	1306
1161	1406
1161	806
541	92
541	263
541	1513
541	822
541	249
541	821
541	1551
541	1306
541	1406
541	806
1341	92
1341	263
1341	1513
1341	822
1341	249
1341	821
1341	1551
1341	1306
1341	1406
1341	806
275	92
275	263
275	1513
275	822
275	249
275	821
275	1551
275	1306
275	1406
275	806
1220	92
1220	263
1220	1513
1220	822
1220	249
1220	821
1220	1551
1220	1306
1220	1406
1220	806
1230	92
1230	263
1230	1513
1230	822
1230	249
1230	821
1230	1551
1230	1306
1230	1406
1230	806
943	92
943	263
943	1513
943	822
943	249
943	821
943	1551
943	1306
943	1406
943	806
558	92
558	263
558	1513
558	822
558	249
558	821
558	1551
558	1306
558	1406
558	806
1083	92
1083	263
1083	1513
1083	822
1083	249
1083	821
1083	1551
1083	1306
1083	1406
1083	806
515	92
515	263
515	1513
515	822
515	249
515	821
515	1551
515	1306
515	1406
515	806
1552	92
1552	263
1552	1513
1552	822
1552	249
1552	821
1552	1551
1552	1306
1552	1406
1552	806
1109	253
1109	456
1109	1029
1109	1584
1109	1443
1109	666
1109	1534
1109	761
892	253
892	456
892	1029
892	1584
892	1443
892	666
892	1534
892	761
223	253
223	456
223	1029
223	1584
223	1443
223	666
223	1534
223	761
544	253
544	456
544	1029
544	1584
544	1443
544	666
544	1534
544	761
1464	253
1464	456
1464	1029
1464	1584
1464	1443
1464	666
1464	1534
1464	761
1101	253
1101	456
1101	1029
1101	1584
1101	1443
1101	666
1101	1534
1101	761
1209	253
1209	456
1209	1029
1209	1584
1209	1443
1209	666
1209	1534
1209	761
85	253
85	456
85	1029
85	1584
85	1443
85	666
85	1534
85	761
661	253
661	456
661	1029
661	1584
661	1443
661	666
661	1534
661	761
1432	92
1432	263
1432	1513
1432	822
1432	249
1432	821
1432	1551
1432	1306
1432	1406
1432	806
241	92
241	263
241	1513
241	822
241	249
241	821
241	1551
241	1306
241	1406
241	806
1378	92
1378	263
1378	1513
1378	822
1378	249
1378	821
1378	1551
1378	1306
1378	1406
1378	806
44	92
44	263
44	1513
44	822
44	249
44	821
44	1551
44	1306
44	1406
44	806
4	92
4	263
4	1513
4	822
4	249
4	821
4	1551
4	1306
4	1406
4	806
1410	92
1410	263
1410	1513
1410	822
1410	249
1410	821
1410	1551
1410	1306
1410	1406
1410	806
920	92
920	263
920	1513
920	822
920	249
920	821
920	1551
920	1306
920	1406
920	806
820	613
820	42
820	1037
820	1188
820	1547
820	94
820	467
820	1317
820	746
820	948
820	734
820	643
820	46
820	343
820	1073
820	1239
820	1536
820	593
820	1258
820	332
1132	613
1132	42
1132	1037
1132	1188
1132	1547
1132	94
1132	467
1132	1317
1132	746
1132	948
1132	734
1132	643
1132	46
1132	343
1132	1073
1132	1239
1132	1536
1132	593
1132	1258
1132	332
144	613
144	42
144	1037
144	1188
144	1547
144	94
144	467
144	1317
144	746
144	948
144	734
144	643
144	46
144	343
144	1073
144	1239
144	1536
144	593
144	1258
144	332
721	613
721	42
721	1037
721	1188
721	1547
721	94
721	467
721	1317
721	746
721	948
721	734
721	643
721	46
721	343
721	1073
721	1239
721	1536
721	593
721	1258
721	332
327	613
327	42
327	1037
327	1188
327	1547
327	94
327	467
327	1317
327	746
327	948
327	734
327	643
327	46
327	343
327	1073
327	1239
327	1536
327	593
327	1258
327	332
1198	613
1198	42
1198	1037
1198	1188
1198	1547
1198	94
1198	467
1198	1317
1198	746
1198	948
1198	734
1198	643
1198	46
1198	343
1198	1073
1198	1239
1198	1536
1198	593
1198	1258
1198	332
114	613
114	42
114	1037
114	1188
114	1547
114	94
114	467
114	1317
114	746
114	948
114	734
114	643
114	46
114	343
114	1073
114	1239
114	1536
114	593
114	1258
114	332
645	613
645	42
645	1037
645	1188
645	1547
645	94
645	467
645	1317
645	746
645	948
645	734
645	643
645	46
645	343
645	1073
645	1239
645	1536
645	593
645	1258
645	332
536	613
536	42
536	1037
536	1188
536	1547
536	94
536	467
536	1317
536	746
536	948
536	734
536	643
536	46
536	343
536	1073
536	1239
536	1536
536	593
536	1258
536	332
1074	613
1074	42
1074	1037
1074	1188
1074	1547
1074	94
1074	467
1074	1317
1074	746
1074	948
1074	734
1074	643
1074	46
1074	343
1074	1073
1074	1239
1074	1536
1074	593
1074	1258
1074	332
297	613
297	42
297	1037
297	1188
297	1547
297	94
297	467
297	1317
297	746
297	948
297	734
297	643
297	46
297	343
297	1073
297	1239
297	1536
297	593
297	1258
297	332
402	613
402	42
402	1037
402	1188
402	1547
402	94
402	467
402	1317
402	746
402	948
402	734
402	643
402	46
402	343
402	1073
402	1239
402	1536
402	593
402	1258
402	332
1115	613
1115	42
1115	1037
1115	1188
1115	1547
1115	94
1115	467
1115	1317
1115	746
1115	948
1115	734
1115	643
1115	46
1115	343
1115	1073
1115	1239
1115	1536
1115	593
1115	1258
1115	332
670	613
670	42
670	1037
670	1188
670	1547
670	94
670	467
670	1317
670	746
670	948
670	734
670	643
670	46
670	343
670	1073
670	1239
670	1536
670	593
670	1258
670	332
602	613
602	42
602	1037
602	1188
602	1547
602	94
602	467
602	1317
602	746
602	948
602	734
602	643
602	46
602	343
602	1073
602	1239
602	1536
602	593
602	1258
602	332
1010	613
1010	42
1010	1037
1010	1188
1010	1547
1010	94
1010	467
1010	1317
1010	746
1010	948
1010	734
1010	643
1010	46
1010	343
1010	1073
1010	1239
1010	1536
1010	593
1010	1258
1010	332
594	613
594	42
594	1037
594	1188
594	1547
594	94
594	467
594	1317
594	746
594	948
594	734
594	643
594	46
594	343
594	1073
594	1239
594	1536
594	593
594	1258
594	332
692	613
692	42
692	1037
692	1188
692	1547
692	94
692	467
692	1317
692	746
692	948
692	734
692	643
692	46
692	343
692	1073
692	1239
692	1536
692	593
692	1258
692	332
1382	613
1382	42
1382	1037
1382	1188
1382	1547
1382	94
1382	467
1382	1317
1382	746
1382	948
1382	734
1382	643
1382	46
1382	343
1382	1073
1382	1239
1382	1536
1382	593
1382	1258
1382	332
891	613
891	42
891	1037
891	1188
891	1547
891	94
891	467
891	1317
891	746
891	734
891	643
891	46
891	343
891	1073
891	1239
891	1536
891	593
891	1258
891	332
624	1016
624	259
624	6
624	1377
624	582
624	441
624	392
624	1526
624	1130
624	461
624	243
624	1167
624	933
624	1161
624	541
624	1341
624	275
624	1220
624	1230
624	943
624	558
624	1083
624	1552
469	1016
469	259
469	6
469	1377
469	582
469	441
469	392
469	1526
469	1130
469	461
469	243
469	1167
469	933
469	1161
469	541
469	1341
469	275
469	1220
469	1230
469	943
469	558
469	1083
469	515
469	1552
54	1016
54	259
54	6
54	1377
54	582
54	441
54	392
54	1526
54	1130
54	461
54	243
54	1167
54	933
54	1161
54	541
54	1341
54	275
54	1220
54	1230
54	943
54	558
54	1083
54	515
54	1552
1093	1016
1093	259
1093	6
1093	1377
1093	582
1093	392
1093	1526
1093	1130
1093	461
1093	243
1093	1167
1093	933
1093	1161
1093	541
1093	1341
1093	1220
1093	1230
1093	943
1093	558
1093	1083
1093	515
1093	1552
359	1016
359	259
359	6
359	1377
359	582
359	441
359	392
359	1526
359	1130
359	461
359	243
359	1167
359	933
359	1161
359	541
359	1341
359	275
359	1220
359	1230
359	943
359	558
359	1083
359	515
359	1552
1177	1016
1177	259
1177	6
1177	1377
1177	582
1177	441
1177	392
1177	1526
1177	1130
1177	461
1177	243
1177	1167
1177	933
1177	1161
1177	541
1177	1341
1177	275
1177	1220
1177	1230
1177	943
1177	558
1177	1083
1177	515
1177	1552
100	1016
100	259
100	6
100	1377
100	582
100	441
100	392
100	1526
100	1130
100	461
100	243
100	1167
100	933
100	1161
100	541
100	1341
100	275
100	1220
100	1230
100	943
100	558
100	1083
100	515
100	1552
630	1016
630	259
630	6
630	1377
630	582
630	441
630	392
630	1526
630	1130
630	461
630	243
630	1167
630	933
630	1161
630	541
630	1341
630	275
630	1220
630	1230
630	943
630	558
630	1083
630	515
630	1552
1477	1016
1477	259
1477	6
1477	1377
1477	582
1477	441
1477	392
1477	1526
1477	1130
1477	461
1477	243
1477	1167
1477	933
1477	1161
1477	541
1477	1341
1477	275
1477	1220
1477	1230
1477	943
1477	558
1477	1083
1477	515
1477	1552
982	1016
982	259
982	6
982	1377
982	582
982	441
982	392
982	1526
982	1130
982	461
982	243
982	1167
982	933
982	1161
982	541
982	1341
982	275
982	1220
982	1230
982	943
982	558
982	1083
982	515
982	1552
1086	1016
1086	259
1086	6
1086	1377
1086	582
1086	441
1086	392
1086	1526
1086	1130
1086	461
1086	243
1086	1167
1086	933
1086	1161
1086	541
1086	1341
1086	275
1086	1220
1086	1230
1086	943
1086	558
1086	1083
1086	515
1086	1552
668	1016
668	259
668	6
668	1377
668	582
668	441
668	392
668	1526
668	1130
668	461
668	243
668	1167
668	933
668	1161
668	541
668	1341
668	275
668	1220
668	1230
668	943
668	558
668	1083
668	515
668	1552
450	1016
450	259
450	6
450	1377
450	582
450	441
450	392
450	1526
450	1130
450	461
450	243
450	1167
450	933
450	1161
450	541
450	1341
450	275
450	1220
450	1230
450	943
450	558
450	1083
450	515
450	1552
90	1016
90	259
90	6
90	1377
90	582
90	441
90	392
90	1526
90	1130
90	461
90	243
90	1167
90	933
90	1161
90	541
90	1341
90	275
90	1220
90	1230
90	943
90	558
90	1083
90	515
90	1552
865	1016
865	259
865	6
865	1377
865	582
865	441
865	392
865	1526
865	1130
865	461
865	243
865	1167
865	933
865	1161
865	541
865	1341
865	275
865	1220
865	1230
865	943
865	558
865	1083
865	515
865	1552
654	1016
654	259
654	6
654	1377
654	582
654	441
654	392
654	1526
654	1130
654	461
654	243
654	1167
654	933
654	1161
654	541
654	1341
654	275
654	1220
654	1230
654	943
654	558
654	1083
654	515
654	1552
981	1016
981	259
981	6
981	1377
981	582
981	441
981	392
981	1526
981	1130
981	461
981	243
981	1167
981	933
981	1161
981	541
981	1341
981	275
981	1220
981	1230
981	943
981	558
981	1083
981	515
981	1552
432	1016
432	259
432	6
432	1377
432	582
432	441
432	392
432	1526
432	1130
432	461
432	243
432	1167
432	933
432	1161
432	541
432	1341
432	275
432	1220
432	1230
432	943
432	558
432	1083
432	515
432	1552
337	1016
337	259
337	6
337	1377
337	582
337	441
337	392
337	1526
337	1130
337	461
337	243
337	1167
337	933
337	1161
337	541
337	1341
337	275
337	1220
337	1230
337	943
337	558
337	1083
337	515
337	1552
42	53
1037	427
1188	395
1317	106
734	427
1073	800
1239	106
1258	53
332	427
1016	395
582	800
441	106
1130	427
461	395
933	800
1161	106
275	53
1220	427
1230	395
515	800
1552	106
1109	800
892	106
544	53
1464	427
1101	395
661	800
1432	427
1029	395
666	106
761	53
92	427
263	395
821	106
1406	53
820	800
1132	106
721	427
327	395
536	800
1115	106
602	53
1010	427
594	395
624	800
469	106
54	53
1093	427
100	800
630	106
982	427
1086	395
865	800
654	106
981	427
337	800
42	1568
1037	930
1188	440
1547	1480
94	172
467	637
1317	1544
746	1568
948	930
643	172
46	637
1073	1568
1239	930
1536	440
1258	1480
332	172
1016	637
6	1544
1377	1568
582	440
392	1480
1526	172
461	1544
243	930
1167	440
933	1480
1161	172
541	637
275	1544
1220	1568
1230	930
943	440
1083	1480
515	637
1109	172
892	637
544	1568
1464	930
1101	440
1209	1480
85	637
241	172
1378	637
4	1544
1410	1568
920	930
1109	440
223	1480
800	172
106	637
53	1568
427	930
395	440
456	1544
1029	440
1443	1480
666	1544
1534	930
761	440
263	1480
1513	172
249	1544
821	930
1551	440
1406	1480
806	1568
253	1480
820	172
1132	637
144	1544
721	930
327	440
1198	1480
114	172
645	637
1074	930
402	1544
1115	930
670	440
602	1480
1010	172
594	637
1382	1544
891	930
624	440
54	637
359	1568
1177	440
100	1480
630	172
982	1568
1086	930
668	440
450	1480
90	172
865	637
981	440
432	440
337	1480
