699	15
772	1033
93	302
531	895
548	872
101	367
1185	501
1392	403
424	626
1279	1402
18	1351
961	184
1297	57
1165	747
407	368
526	1023
1053	157
971	638
260	1321
1202	1363
312	721
1458	756
453	255
581	474
358	917
118	599
824	1380
696	1301
1443	1408
205	859
639	1487
497	795
1324	669
748	370
845	1213
1385	1221
110	877
416	1135
443	2
660	251
176	352
1134	1420
67	960
281	1001
1474	552
1075	1169
1404	1394
815	17
779	1438
469	349
1296	377
968	749
983	832
1118	1019
1190	673
1255	1112
1082	1223
1078	28
310	447
662	1037
215	1391
339	1421
1097	1012
1035	359
1390	225
998	1009
305	66
1160	937
797	842
671	1184
381	1325
1131	448
1419	116
1170	181
802	849
762	1017
732	321
81	1503
1300	288
997	136
533	1333
1196	1478
74	793
388	723
1215	1099
1304	689
3	594
3	1067
133	254
1008	22
1182	1024
221	12
264	610
1475	1435
1345	490
944	1231
518	967
810	1252
1030	297
279	1147
926	386
1347	298
664	347
1211	868
452	653
1152	1081
1447	677
1138	775
241	1470
579	1158
807	329
105	980
965	189
1273	856
694	1029
1355	1034
389	348
974	1000
1257	419
941	15
1186	1033
480	826
62	302
1090	702
320	184
114	747
224	69
1454	157
439	638
1280	212
431	1069
611	180
1145	721
684	255
1045	474
500	917
1129	599
1101	1408
247	859
649	1487
986	795
434	313
113	1439
568	669
679	999
1220	902
1414	374
38	789
1224	878
1309	1213
1340	743
334	1311
1405	1221
1216	877
1183	2
1092	251
929	352
1167	479
829	1446
634	1420
175	905
89	1001
156	552
819	1169
728	514
1225	1438
1122	349
1428	276
19	749
547	607
65	832
1142	673
1068	1112
699	1223
772	28
93	1037
531	954
548	1174
101	1391
1185	1421
1392	1012
424	84
18	359
961	285
1297	1061
1165	1139
407	225
526	1292
1053	1009
971	66
1202	842
1151	1480
499	116
312	181
1458	849
453	1017
581	674
498	321
358	1503
118	288
824	136
696	1423
1443	1333
744	1478
205	793
639	723
497	162
1324	594
748	22
1385	490
110	1231
416	1252
443	297
660	592
176	515
534	1147
1134	347
67	868
281	653
1474	326
1075	776
1375	1081
1404	951
815	799
779	1158
469	329
1296	980
968	122
983	1490
1118	1029
1190	1034
1255	348
1082	1046
1078	489
310	1208
662	909
215	1033
339	826
1097	302
1141	702
1035	872
1390	626
998	184
305	57
1057	747
1160	368
797	1023
671	157
381	638
1131	555
1419	1363
1170	295
802	1069
732	180
1300	721
997	756
533	474
1196	917
74	599
388	1380
168	1408
1215	852
3	859
3	1487
133	795
1008	313
1058	1439
1182	299
221	999
1050	902
264	370
1345	374
944	789
518	878
810	1213
1030	743
279	877
1347	1135
664	251
1211	352
452	479
1152	1420
1447	905
1138	1001
241	1169
807	97
105	17
965	1438
1273	1295
694	377
1355	276
974	673
1257	1112
941	1223
1186	28
480	447
62	1037
1090	1047
320	285
114	1139
1454	1009
439	66
1280	937
431	1325
1302	1480
611	448
682	116
1145	181
684	1017
1045	674
363	321
500	1503
1129	288
1101	1333
570	1478
247	793
649	723
986	162
113	1099
568	594
679	1067
1220	254
1414	1024
38	167
1224	12
1340	610
334	1435
1405	490
1216	1231
1183	297
1092	592
929	515
1167	386
1031	298
829	470
634	347
175	631
89	653
156	326
819	776
1364	1081
728	1470
1225	1158
1122	329
1428	846
574	189
19	122
547	856
65	1490
1142	1034
1068	348
699	1046
772	489
93	909
531	1000
548	15
101	1033
1185	826
1392	302
424	895
1279	702
18	872
961	367
1297	501
1165	403
407	626
526	1351
1053	184
971	57
260	747
1202	1023
1151	1321
149	212
499	1363
312	295
1458	1069
498	180
118	721
824	756
696	255
1443	474
744	917
205	599
639	1380
497	1301
1324	859
748	313
355	1439
845	902
1385	374
110	789
416	1213
443	743
660	1311
176	1221
534	877
1134	251
67	352
281	479
1075	1446
1375	1420
1404	960
815	552
469	97
1296	17
968	1100
983	349
1118	377
1190	276
1082	749
1078	607
310	832
662	1019
215	28
339	447
1097	1037
1141	1047
1035	1174
1390	84
998	285
305	1061
1057	1139
1160	225
797	1292
671	1009
381	66
1131	785
1419	842
1170	1184
802	1325
762	1480
732	448
81	116
1300	181
997	849
533	674
1196	1503
74	288
388	136
168	1333
1215	1258
1304	1478
3	793
3	723
133	162
1058	1099
1182	689
221	1067
1050	254
264	22
1345	1024
944	167
518	12
1030	610
279	1231
926	967
1347	1252
664	592
1211	515
452	386
1152	347
1447	631
1138	653
241	776
579	1081
807	775
105	799
965	1158
1273	1407
694	980
1355	846
389	189
974	1034
1257	348
941	1046
1186	489
480	1208
62	909
1090	419
320	367
114	403
224	1402
1454	184
439	57
1280	368
431	638
1302	1321
132	212
611	555
682	1363
1145	295
363	180
1129	721
1101	474
570	917
247	599
649	1380
986	1301
434	1408
113	852
568	859
679	1487
1220	795
1339	1439
1414	299
38	669
1224	999
1309	902
1340	370
1405	374
1216	789
1183	743
1092	1311
929	1221
1031	1135
829	2
89	479
819	1446
1364	1420
728	1169
1122	97
1428	514
574	1438
19	1100
547	1295
65	349
1142	276
699	749
772	607
93	1019
531	673
548	1223
101	28
1185	447
1392	1037
424	954
1279	1047
18	1174
961	1391
1297	1421
1165	1012
407	84
526	359
1053	285
971	1061
260	1139
1202	1292
149	937
499	842
312	1184
1458	1325
453	1480
498	448
358	116
118	181
824	849
696	1017
1443	674
744	1503
205	288
639	136
497	1423
1324	793
355	1099
845	254
1385	1024
110	167
443	610
660	1435
176	490
534	1231
1134	592
67	515
281	386
1474	298
1075	470
1375	347
1404	868
815	326
779	1081
469	775
1296	799
968	199
983	329
1118	980
1190	846
1255	189
1082	122
1078	856
310	1490
662	1029
215	489
339	1208
1097	909
1141	419
1035	15
1390	895
998	367
305	501
1057	403
1160	626
797	1351
671	184
381	57
1131	69
1419	1023
1170	157
802	638
762	1321
732	555
81	1363
1300	295
997	1069
74	721
388	756
168	474
1304	917
3	599
3	1380
133	1301
1008	1408
1058	852
221	1487
1050	795
264	313
1475	1439
1345	299
944	669
518	999
810	902
1030	370
279	789
926	878
1347	1213
664	1311
1211	1221
1152	251
1138	479
241	1446
579	1420
807	1001
105	552
1273	1312
694	17
1355	514
389	1438
974	276
941	749
1186	607
480	832
62	1019
1090	1112
320	1391
114	1012
1454	285
439	1061
1280	225
431	66
132	937
611	785
682	842
1145	1184
684	1480
363	448
500	116
1129	181
1101	674
570	1503
247	288
649	136
986	1423
434	1333
113	1258
568	793
679	723
1220	162
1339	1099
1414	689
38	594
1224	1067
1309	254
1340	22
1405	1024
1216	167
1183	610
1092	1435
929	490
1167	967
1031	1252
829	297
634	592
175	1147
89	386
156	298
819	470
1364	347
728	776
1225	1081
1122	775
1428	1470
574	1158
19	199
547	1407
65	329
1142	846
1068	189
699	122
772	856
93	1029
531	1034
548	1046
101	489
1185	1208
1392	909
424	1000
1279	419
18	15
961	1033
1297	826
1165	302
407	895
526	872
1053	367
971	501
260	403
1202	1351
1151	747
149	368
499	1023
312	157
1458	638
453	1321
581	212
498	555
358	1363
118	295
824	1069
205	721
639	756
497	255
1324	599
748	1408
355	852
845	795
1385	299
110	669
416	902
443	370
176	374
534	789
1134	1311
67	1221
1474	1135
1075	2
1375	251
1404	352
779	1420
469	1001
1296	552
968	1394
983	97
1118	17
1190	514
1255	1438
1082	1100
1078	1295
310	349
662	377
215	607
339	832
1097	1019
1141	1112
1035	1223
1390	954
998	1391
305	1421
1057	1012
1160	84
797	359
671	285
381	1061
1419	1292
1170	1009
802	66
732	785
81	842
1300	1184
997	1325
1196	116
74	181
388	849
168	674
1215	321
1304	1503
3	288
3	136
133	1423
1008	1333
1058	1258
1182	1478
221	723
1050	162
1475	1099
1345	689
944	594
518	1067
810	254
1030	22
279	167
926	12
664	1435
1211	490
452	967
1152	592
1447	1147
1138	386
241	470
579	347
807	653
105	326
965	1081
1273	677
694	799
1355	1470
389	1158
974	846
1257	189
941	122
1186	856
480	1490
62	1029
1090	348
320	1033
114	302
224	702
1454	367
439	501
1280	626
431	57
1302	747
132	368
611	69
682	1023
1145	157
684	1321
1045	212
363	555
500	1363
1129	295
247	721
649	756
986	255
434	474
568	599
679	1380
1220	1301
1339	852
38	859
1224	1487
1309	795
1340	313
334	1439
1405	299
1216	669
1183	370
929	374
1167	878
1031	1213
829	743
634	1311
175	877
156	1135
819	2
1364	251
728	1446
1225	1420
1122	1001
1428	1169
19	1394
547	1312
65	97
1142	514
1068	1438
699	1100
772	1295
93	377
531	276
548	749
101	607
1185	832
1392	1019
424	673
1279	1112
18	1223
961	28
1297	447
1165	1037
407	954
526	1174
1053	1391
971	1421
260	1012
1202	359
1151	1139
149	225
499	1292
312	1009
1458	66
581	937
498	785
358	842
118	1184
824	1325
696	1480
744	116
205	181
639	849
497	1017
1324	288
748	1333
355	1258
845	162
1385	689
110	594
416	254
443	22
176	1024
534	167
1134	1435
67	490
281	967
1474	1252
1075	297
1375	592
1404	515
815	298
779	347
469	653
1296	326
968	951
983	775
1118	799
1190	1470
1255	1158
1082	199
1078	1407
310	329
662	980
215	856
339	1490
1097	1029
1141	348
1035	1046
1390	1000
998	1033
305	826
1057	302
1160	895
797	872
671	367
381	501
1131	1402
1419	1351
1170	184
802	57
762	747
732	69
81	1023
1300	157
533	212
1196	1363
74	295
388	1069
1215	180
3	721
3	756
133	255
1008	474
1182	917
221	1380
1050	1301
264	1408
1475	852
944	859
518	1487
810	795
1030	313
279	669
926	999
1347	902
1211	374
452	878
1152	1311
1447	877
241	2
579	251
807	479
965	1420
1273	905
694	552
1355	1169
974	514
1257	1438
941	1100
1186	1295
480	349
62	377
320	28
114	1037
224	1047
1454	1391
439	1421
1280	84
431	1061
1302	1139
132	225
682	1292
1145	1009
1045	937
363	785
500	842
1129	1184
570	116
247	181
649	849
986	1017
434	674
113	321
568	288
679	136
1220	1423
1339	1258
1414	1478
38	793
1224	723
1309	162
334	1099
1405	689
1216	594
1183	22
929	1024
1167	12
829	610
634	1435
175	1231
89	967
156	1252
819	297
1364	592
728	470
1225	347
1122	653
1428	776
574	1081
19	951
547	677
65	775
1142	1470
1068	1158
699	199
772	1407
93	980
531	846
548	122
101	856
1185	1490
1392	1029
424	1034
1279	348
18	1046
961	489
1297	1208
1165	909
407	1000
526	15
1053	1033
971	826
260	302
1202	872
1151	403
149	626
499	1351
312	184
1458	57
453	747
581	368
498	69
358	1023
118	157
824	638
696	1321
1443	212
744	1363
205	295
639	1069
1324	721
748	474
845	1301
110	859
416	795
443	313
660	1439
176	299
534	669
67	374
281	878
1474	1213
1075	743
1375	1311
1404	1221
815	1135
779	251
469	479
968	960
983	1001
1118	552
1190	1169
1082	1394
1078	1312
310	97
662	17
215	1295
339	349
1097	377
1035	749
1390	673
998	28
305	447
1057	1037
1160	954
797	1174
671	1391
381	1421
1419	359
1170	285
802	1061
762	1139
81	1292
1300	1009
997	66
533	937
1196	842
74	1184
388	1325
1215	448
1304	116
3	181
3	849
133	1017
1008	674
1058	321
1182	1503
221	136
1050	1423
264	1333
1475	1258
1345	1478
944	793
518	723
810	162
279	594
926	1067
1347	254
1211	1024
452	12
1152	1435
1447	1231
1138	967
241	297
579	592
807	386
105	298
965	347
1273	631
694	326
1355	776
389	1081
974	1470
1257	1158
941	199
1186	1407
480	329
62	980
1090	189
320	489
114	909
224	419
1454	1033
439	826
1280	895
431	501
1302	403
132	626
611	1402
682	1351
1145	184
684	747
1045	368
363	69
500	1023
1129	157
1101	212
570	1363
247	295
649	1069
113	180
568	721
679	756
1220	255
1414	917
38	599
1224	1380
1309	1301
1340	1408
334	852
1216	859
1183	313
1092	1439
929	299
1167	999
1031	902
829	370
175	789
89	878
156	1213
819	743
1364	1311
728	2
1225	251
1122	479
1428	1446
574	1420
19	960
547	905
65	1001
1142	1169
699	1394
772	1312
93	17
531	514
548	1100
101	1295
1185	349
1392	377
424	276
18	749
961	607
1297	832
1165	1019
407	673
526	1223
1053	28
971	447
260	1037
1202	1174
1151	1012
149	84
499	359
312	285
1458	1061
453	1139
581	225
358	1292
118	1009
824	66
1443	937
744	842
205	1184
639	1325
497	1480
1324	181
748	674
355	321
845	1423
1385	1478
110	793
416	162
660	1099
176	689
534	594
67	1024
281	12
1375	1435
1404	490
815	1252
779	592
469	386
1296	298
968	868
983	653
1118	326
1190	776
1255	1081
1082	951
1078	677
310	775
662	799
215	1407
339	329
1097	980
1141	189
1035	122
1390	1034
998	489
305	1208
1057	909
1160	1000
797	15
671	1033
381	826
1131	702
1419	872
802	501
762	403
732	1402
81	1351
1300	184
997	57
533	368
1196	1023
74	157
388	638
168	212
1215	555
1304	1363
3	295
3	1069
1058	180
221	756
1050	255
264	474
1345	917
944	599
518	1380
810	1301
1030	1408
279	859
926	1487
1347	795
664	1439
1211	299
452	999
1447	789
1138	878
241	743
579	1311
105	1135
965	251
1355	1446
389	1420
974	1169
941	1394
1186	1312
480	97
62	17
1090	1438
320	607
114	1019
224	1112
1454	28
439	447
1280	954
431	1421
1302	1012
132	84
682	359
1145	285
684	1139
1045	225
500	1292
1129	1009
1101	937
570	842
247	1184
649	1325
986	1480
113	448
568	181
679	849
1220	1017
1339	321
1414	1503
38	288
1224	136
1309	1423
1340	1333
334	1258
1405	1478
1216	793
1092	1099
929	689
1167	1067
1031	254
829	22
175	167
89	12
819	610
1364	1435
728	297
1225	592
1122	386
1428	470
574	347
19	868
547	631
65	653
1142	776
1068	1081
699	951
772	677
93	799
531	1470
548	199
101	1407
1185	329
1392	980
424	846
1279	189
18	122
961	856
1297	1490
1165	1029
407	1034
526	1046
1053	489
971	1208
260	909
1202	15
1151	302
149	895
499	872
312	367
1458	501
453	403
581	626
498	1402
358	1351
118	184
824	57
696	747
1443	368
744	1023
205	157
639	638
497	1321
1324	295
355	180
845	255
1385	917
110	599
416	1301
443	1408
660	852
534	859
1134	1439
67	299
281	999
1474	902
1075	370
1404	374
815	1213
779	1311
1296	1135
968	352
983	479
1190	1446
1255	1420
1082	960
1078	905
310	1001
662	552
215	1312
339	97
1097	17
1141	1438
1035	1100
1390	276
998	607
305	832
1057	1019
1160	673
797	1223
671	28
381	447
1131	1047
1419	1174
1170	1391
802	1421
762	1012
81	359
1300	285
997	1061
533	225
1196	1292
74	1009
388	66
168	937
1215	785
1304	842
3	1184
3	1325
133	1480
1058	448
1182	116
221	849
1050	1017
264	674
1475	321
1345	1503
944	288
518	136
810	1423
1030	1333
279	793
926	723
1347	162
664	1099
1211	689
452	1067
1447	167
1138	12
241	610
579	1435
807	967
105	1252
965	592
1273	1147
694	298
1355	470
389	347
974	776
1257	1081
941	951
1186	677
480	775
62	799
1090	1158
320	856
114	1029
224	348
1454	489
439	1208
1280	1000
431	826
1302	302
132	895
611	702
682	872
1145	367
684	403
1045	626
363	1402
500	1351
1129	184
1101	368
570	1023
247	157
649	638
986	1321
434	212
113	555
568	295
679	1069
1339	180
38	721
1224	756
1309	255
1340	474
1405	917
1216	599
1183	1408
1092	852
1167	1487
1031	795
829	313
634	1439
175	669
89	999
156	902
819	370
728	743
1225	1311
1428	2
574	251
19	352
65	479
1142	1446
1068	1420
699	960
772	905
93	552
531	1169
548	1394
101	1312
1185	97
1392	17
424	514
1279	1438
18	1100
961	1295
1297	349
1165	377
407	276
526	749
1053	607
971	832
260	1019
1202	1223
1151	1037
149	954
499	1174
312	1391
1458	1421
453	1012
581	84
358	359
118	285
824	1061
696	1139
1443	225
744	1292
205	1009
639	66
1324	1184
355	448
845	1017
1385	1503
110	288
416	1423
443	1333
660	1258
176	1478
534	793
1134	1099
67	689
281	1067
1474	254
1075	22
1404	1024
779	1435
469	967
1296	1252
968	515
983	386
1118	298
1190	470
1255	347
1082	868
1078	631
310	653
662	326
215	677
1097	799
1141	1158
1035	199
1390	846
998	856
305	1490
1057	1029
1160	1034
797	1046
671	489
381	1208
1131	419
1419	15
1170	1033
802	826
762	302
732	702
81	872
1300	367
997	501
533	626
1196	1351
74	184
388	57
168	368
1215	69
1304	1023
3	157
3	638
133	1321
1008	212
1058	555
1182	1363
221	1069
1475	180
944	721
518	756
810	255
1030	474
279	599
926	1380
1347	1301
664	852
452	1487
1152	1439
1447	669
1138	999
241	370
807	878
105	1213
965	1311
1273	877
694	1135
1355	2
389	251
974	1446
1257	1420
941	960
1186	905
480	1001
62	552
320	1295
114	377
1454	607
439	832
1280	673
431	447
1302	1037
132	954
611	1047
682	1174
1145	1391
684	1012
1045	84
500	359
1129	285
1101	225
570	1292
247	1009
649	66
434	937
113	785
568	1184
679	1325
1220	1480
1339	448
1414	116
38	181
1224	849
1309	1017
1340	674
334	321
1405	1503
1216	288
1183	1333
1092	1258
929	1478
1167	723
1031	162
634	1099
175	594
89	1067
156	254
819	22
728	610
1225	1435
1122	967
1428	297
574	592
19	515
547	1147
65	386
1142	470
1068	347
699	868
772	631
93	326
531	776
548	951
101	677
1185	775
1392	799
424	1470
1279	1158
18	199
961	1407
1297	329
1165	980
407	846
526	122
1053	856
971	1490
260	1029
1202	1046
1151	909
149	1000
499	15
312	1033
1458	826
453	302
581	895
498	702
358	872
118	367
824	501
696	403
1443	626
744	1351
205	184
639	57
497	747
1324	157
748	212
355	555
110	721
416	255
443	474
176	917
534	599
1134	852
281	1487
1474	795
1075	313
1375	1439
1404	299
815	902
469	878
1296	1213
968	1221
1118	1135
1190	2
1255	251
1082	352
310	479
215	905
339	1001
1097	552
1035	1394
1390	514
998	1295
305	349
1057	377
1160	276
797	749
671	607
381	832
1131	1112
1419	1223
1170	28
802	447
762	1037
732	1047
81	1174
1300	1391
997	1421
533	84
1196	359
74	285
388	1061
168	225
1304	1292
3	1009
3	66
1008	937
1058	785
1182	842
221	1325
1050	1480
1475	448
1345	116
944	181
518	849
810	1017
1030	674
279	288
926	136
1347	1423
664	1258
1211	1478
452	723
1152	1099
1447	594
1138	1067
241	22
807	12
965	1435
1273	1231
694	1252
1355	297
389	592
974	470
1257	347
941	868
1186	631
480	653
62	326
1090	1081
320	1407
114	980
224	189
1454	856
439	1490
1280	1034
431	1208
1302	909
132	1000
611	419
682	15
1145	1033
684	302
1045	895
363	702
500	872
1129	367
1101	626
570	1351
247	184
649	57
986	747
434	368
113	69
568	157
679	638
1220	1321
1339	555
1414	1363
38	295
1224	1069
334	180
1216	721
1183	474
929	917
1167	1380
1031	1301
829	1408
634	852
175	859
89	1487
156	795
819	313
1364	1439
728	370
1122	878
1428	743
574	1311
19	1221
547	877
1142	2
1068	251
699	352
531	1446
548	960
101	905
1185	1001
1392	552
424	1169
18	1394
961	1312
1297	97
1165	17
407	514
526	1100
1053	1295
971	349
260	377
1202	749
1151	1019
149	673
499	1223
312	28
1458	447
453	1037
581	954
498	1047
358	1174
118	1391
824	1421
696	1012
1443	84
744	359
205	285
639	1061
497	1139
1324	1009
748	937
355	785
845	1480
1385	116
110	181
416	1017
443	674
660	321
176	1503
534	288
1134	1258
67	1478
281	723
1474	162
1375	1099
1404	689
815	254
469	12
968	490
983	967
1118	1252
1190	297
1255	592
1082	515
1078	1147
310	386
662	298
215	631
339	653
1097	326
1141	1081
1035	951
1390	1470
998	1407
305	329
1057	980
1160	846
797	122
671	856
381	1490
1131	348
1419	1046
1170	489
802	1208
762	909
732	419
81	15
1300	1033
997	826
533	895
1196	872
74	367
388	501
168	626
1215	1402
1304	1351
3	184
3	57
133	747
1008	368
1058	69
1182	1023
221	638
1050	1321
264	212
1475	555
1345	1363
944	295
518	1069
279	721
926	756
1347	255
1211	917
452	1380
1152	852
1447	859
1138	1487
241	313
579	1439
807	999
105	902
1273	789
694	1213
1355	743
389	1311
974	2
1257	251
941	352
480	479
1090	1420
320	1312
114	17
224	1438
1454	1295
439	349
1280	276
431	832
1302	1019
132	673
611	1112
682	1223
1145	28
684	1037
1045	954
363	1047
500	1174
1129	1391
1101	84
570	359
247	285
649	1061
986	1139
434	225
568	1009
679	66
1339	785
1414	842
38	1184
1224	1325
1309	1480
334	448
1405	116
1216	181
1183	674
1092	321
929	1503
1167	136
1031	1423
829	1333
634	1258
175	793
89	723
156	162
1364	1099
728	22
1122	12
1428	610
574	1435
19	490
547	1231
65	967
1142	297
1068	592
699	515
772	1147
93	298
531	470
548	868
101	631
1185	653
1392	326
424	776
1279	1081
18	951
961	677
1297	775
1165	799
407	1470
526	199
1053	1407
971	329
260	980
1202	122
1151	1029
149	1034
499	1046
312	489
1458	1208
453	909
581	1000
498	419
358	15
118	1033
824	826
696	302
1443	895
744	872
205	367
639	501
497	403
1324	184
748	368
355	69
845	1321
1385	1363
110	295
660	180
534	721
67	917
281	1380
1474	1301
1075	1408
1375	852
815	795
779	1439
469	999
1296	902
968	374
983	878
1118	1213
1190	743
1255	1311
1082	1221
1078	877
662	1135
339	479
1141	1420
1035	960
1390	1169
998	1312
305	97
1057	17
1160	514
797	1100
671	1295
381	349
1419	749
1170	607
802	832
762	1019
732	1112
81	1223
1300	28
997	447
533	954
1196	1174
74	1391
388	1421
168	84
1304	359
3	285
3	1061
133	1139
1008	225
1182	1292
221	66
264	937
1475	785
1345	842
944	1184
518	1325
810	1480
279	181
926	849
1347	1017
664	321
1211	1503
452	136
1152	1258
1447	793
1138	723
579	1099
807	1067
105	254
1273	167
1355	610
389	1435
974	297
1257	592
941	515
1186	1147
480	386
62	298
1090	347
320	677
114	799
224	1158
1454	1407
439	329
1280	846
431	1490
1302	1029
132	1034
611	348
682	1046
1145	489
684	909
1045	1000
363	419
500	15
1129	1033
1101	895
570	872
247	367
649	501
986	403
434	626
113	1402
568	184
679	57
1220	747
1339	69
1414	1023
38	157
1224	638
1309	1321
1340	212
334	555
1405	1363
1216	295
1092	180
1167	756
1031	255
829	474
175	599
89	1380
156	1301
819	1408
1364	852
728	313
1225	1439
1122	999
1428	370
19	374
547	789
65	878
1142	743
1068	1311
699	1221
772	877
93	1135
531	2
548	352
1185	479
424	1446
1279	1420
18	960
961	905
1297	1001
1165	552
407	1169
526	1394
1053	1312
971	97
260	17
1202	1100
1151	377
149	276
499	749
312	607
1458	832
453	1019
581	673
498	1112
358	1223
118	28
824	447
696	1037
1443	954
744	1174
205	1391
639	1421
497	1012
1324	285
748	225
1385	842
110	1184
416	1480
660	448
176	116
534	181
1134	321
67	1503
281	136
1474	1423
1075	1333
1375	1258
1404	1478
815	162
779	1099
469	1067
1296	254
968	1024
983	12
1190	610
1255	1435
1082	490
1078	1231
310	967
662	1252
215	1147
339	386
1097	298
1141	347
1035	868
1390	776
998	677
305	775
1057	799
1160	1470
797	199
671	1407
381	329
1131	189
1419	122
1170	856
802	1490
762	1029
732	348
81	1046
1300	489
997	1208
533	1000
1196	15
74	1033
388	826
168	895
1215	702
1304	872
3	367
3	501
133	403
1008	626
1058	1402
1182	1351
221	57
1050	747
264	368
1475	69
1345	1023
944	157
518	638
810	1321
1030	212
279	295
926	1069
664	180
452	756
1447	599
1138	1380
241	1408
579	852
807	1487
105	795
965	1439
1273	669
694	902
1355	370
974	743
1257	1311
941	1221
1186	877
62	1135
1090	251
320	905
114	552
1454	1312
439	97
1280	514
431	349
1302	377
132	276
682	749
1145	607
684	1019
1045	673
363	1112
500	1223
1129	28
1101	954
570	1174
247	1391
649	1421
986	1012
434	84
568	285
679	1061
1220	1139
1414	1292
38	1009
1224	66
1340	937
334	785
1405	842
1216	1184
1092	448
929	116
1167	849
1031	1017
829	674
634	321
175	288
89	136
156	1423
819	1333
1364	1258
1225	1099
1122	1067
1428	22
19	1024
547	167
65	12
1142	610
1068	1435
699	490
772	1231
93	1252
531	297
548	515
101	1147
1185	386
1392	298
424	470
1279	347
18	868
961	631
1297	653
1165	326
526	951
1053	677
971	775
260	799
1202	199
1151	980
149	846
499	122
312	856
1458	1490
453	1029
581	1034
498	348
358	1046
118	489
824	1208
696	909
1443	1000
744	15
205	1033
639	826
497	302
1324	367
748	626
355	1402
845	747
1385	1023
110	157
416	1321
443	212
660	555
176	1363
534	295
1134	180
281	756
1474	255
1075	474
1404	917
815	1301
779	852
469	1487
1296	795
968	299
983	999
1118	902
1190	370
1082	374
1078	789
310	878
662	1213
215	877
1097	1135
1141	251
1035	352
1390	1446
998	905
305	1001
1057	552
1160	1169
797	1394
671	1312
381	97
1131	1438
1419	1100
1170	1295
802	349
762	377
81	749
1300	607
997	832
533	673
1196	1223
74	28
388	447
168	954
1215	1047
1304	1174
3	1391
3	1421
133	1012
1008	84
1182	359
221	1061
1050	1139
264	225
1345	1292
944	1009
518	66
1030	937
279	1184
926	1325
1347	1480
664	448
1211	116
452	849
1152	321
1447	288
1138	136
241	1333
579	1258
807	723
105	162
965	1099
1273	594
694	254
1355	22
974	610
1257	1435
941	490
1186	1231
480	967
62	1252
1090	592
320	631
114	326
224	1081
1454	677
439	775
1280	1470
431	329
1302	980
132	846
611	189
682	122
1145	856
684	1029
1045	1034
363	348
500	1046
1129	489
1101	1000
570	15
247	1033
649	826
986	302
434	895
113	702
568	367
679	501
1220	403
1339	1402
1414	1351
38	184
1224	57
1309	747
1340	368
334	69
1405	1023
1216	157
1183	212
1092	555
929	1363
1167	1069
634	180
175	721
89	756
156	255
819	474
728	1408
1225	852
1122	1487
1428	313
574	1439
19	299
547	669
65	999
1142	370
699	374
772	789
93	1213
531	743
548	1221
101	877
1392	1135
424	2
1279	251
18	352
1297	479
407	1446
526	960
1053	905
971	1001
260	552
1202	1394
1151	17
149	514
499	1100
312	1295
1458	349
453	377
581	276
358	749
118	607
824	832
696	1019
1443	673
744	1223
205	28
639	447
497	1037
1324	1391
748	84
845	1139
1385	1292
110	1009
443	937
660	785
176	842
534	1184
1134	448
67	116
281	849
1474	1017
1075	674
1375	321
1404	1503
815	1423
779	1258
469	723
1296	162
968	689
983	1067
1118	254
1190	22
1082	1024
1078	167
310	12
215	1231
339	967
1097	1252
1141	592
1035	515
1390	470
998	631
305	653
1057	326
1160	776
797	951
671	677
381	775
1131	1158
1419	199
1170	1407
802	329
762	980
732	189
81	122
1300	856
997	1490
533	1034
1196	1046
74	489
388	1208
168	1000
1215	419
1304	15
3	1033
3	826
133	302
1008	895
1058	702
1182	872
221	501
1050	403
264	626
1475	1402
1345	1351
944	184
518	57
810	747
1030	368
279	157
926	638
1347	1321
664	555
1211	1363
452	1069
1152	180
1447	721
1138	756
241	474
807	1380
105	1301
965	852
1273	859
694	795
1355	313
389	1439
974	370
941	374
1186	789
480	878
62	1213
1090	1311
224	1420
1454	905
439	1001
1280	1169
431	97
1302	17
132	514
611	1438
682	1100
1145	1295
684	377
1045	276
500	749
1129	607
1101	673
570	1223
247	28
649	447
986	1037
434	954
113	1047
568	1391
679	1421
1220	1012
1414	359
38	285
1224	1061
1309	1139
1340	225
1405	1292
1216	1009
1183	937
1092	785
929	842
1167	1325
1031	1480
634	448
175	181
89	849
156	1017
819	674
1364	321
728	1333
1225	1258
1122	723
574	1099
19	689
547	594
65	1067
1142	22
699	1024
772	167
531	610
548	490
101	1231
1185	967
1392	1252
424	297
1279	592
18	515
961	1147
1297	386
1165	298
407	470
526	868
1053	631
971	653
260	326
1202	951
1151	799
149	1470
499	199
312	1407
1458	329
453	980
581	846
498	189
358	122
118	856
824	1490
696	1029
1443	1034
744	1046
205	489
639	1208
497	909
1324	1033
748	895
355	702
845	403
1385	1351
110	184
416	747
443	368
660	69
176	1023
534	157
1134	555
67	1363
281	1069
1375	180
815	255
469	1380
1296	1301
983	1487
1118	795
1190	313
1255	1439
1082	299
1078	669
310	999
662	902
215	789
339	878
1097	1213
1141	1311
1035	1221
1390	2
305	479
1160	1446
797	960
671	905
381	1001
1419	1394
1170	1312
802	97
762	17
732	1438
81	1100
1300	1295
997	349
533	276
1196	749
74	607
388	832
168	673
1215	1112
1304	1223
3	28
3	447
133	1037
1008	954
1058	1047
1182	1174
221	1421
1050	1012
264	84
1345	359
944	285
518	1061
810	1139
1030	225
279	1009
926	66
664	785
1211	842
452	1325
1152	448
1447	181
1138	849
241	674
579	321
807	136
105	1423
965	1258
1273	793
694	162
389	1099
974	22
941	1024
1186	167
480	12
1090	1435
320	1147
114	298
224	347
1454	631
439	653
1280	776
431	775
1302	799
132	1470
611	1158
682	199
1145	1407
684	980
1045	846
363	189
500	122
1129	856
1101	1034
570	1046
247	489
649	1208
986	909
434	1000
113	419
568	1033
679	826
1220	302
1339	702
1414	872
38	367
1224	501
1309	403
1340	626
334	1402
1405	1351
1216	184
1183	368
1092	69
929	1023
1167	638
1031	1321
829	212
634	555
175	295
89	1069
1364	180
728	474
1122	1380
1428	1408
574	852
547	859
65	1487
1142	313
1068	1439
699	299
772	669
93	902
531	370
548	374
101	789
1185	878
1392	1213
424	743
1279	1311
18	1221
961	877
1165	1135
407	2
526	352
971	479
1202	960
1151	552
149	1169
499	1394
312	1312
1458	97
453	17
581	514
498	1438
358	1100
118	1295
824	349
696	377
1443	276
744	749
205	607
639	832
497	1019
1324	28
748	954
355	1047
845	1012
1385	359
110	285
416	1139
443	225
176	1292
534	1009
1134	785
67	842
281	1325
1474	1480
1375	448
1404	116
815	1017
779	321
469	136
1296	1423
968	1478
983	723
1118	162
1255	1099
1082	689
1078	594
310	1067
662	254
215	167
339	12
1141	1435
1035	490
1390	297
998	1147
305	386
1057	298
1160	470
797	868
671	631
381	653
1131	1081
1419	951
1170	677
802	775
762	799
732	1158
81	199
1300	1407
997	329
533	846
1196	122
74	856
388	1490
168	1034
1215	348
1304	1046
3	489
3	1208
133	909
1008	1000
1058	419
1182	15
221	826
1050	302
264	895
1475	702
1345	872
944	367
518	501
810	403
1030	626
279	184
926	57
1347	747
664	69
1211	1023
452	638
1152	555
1447	295
1138	1069
579	180
807	756
105	255
1273	599
694	1301
1355	1408
389	852
974	313
1257	1439
941	299
1186	669
480	999
62	902
320	877
114	1135
224	251
439	479
1280	1446
431	1001
1302	552
132	1169
682	1394
1145	1312
684	17
1045	514
363	1438
500	1100
1129	1295
1101	276
570	749
247	607
649	832
986	1019
434	673
113	1112
568	28
679	447
1220	1037
1339	1047
1414	1174
38	1391
1224	1421
1309	1012
1340	84
1405	359
1216	285
1183	225
929	1292
1167	66
829	937
634	785
175	1184
89	1325
156	1480
1364	448
728	674
1225	321
1122	136
1428	1333
574	1258
19	1478
547	793
65	723
1068	1099
699	689
772	594
93	254
531	22
548	1024
101	167
1185	12
424	610
1279	1435
18	490
961	1231
1297	967
1165	1252
407	297
526	515
1053	1147
971	386
260	298
1202	868
1151	326
149	776
499	951
312	677
1458	775
453	799
581	1470
498	1158
358	199
118	1407
824	329
696	980
1443	846
744	122
205	856
639	1490
497	1029
1324	489
748	1000
355	419
845	302
1385	872
110	367
416	403
443	626
660	1402
176	1351
534	184
1134	69
67	1023
281	638
1474	1321
1075	212
1375	555
1404	1363
779	180
469	756
1296	255
968	917
983	1380
1118	1301
1190	1408
1255	852
1078	859
310	1487
662	795
215	669
339	999
1097	902
1035	374
1390	743
998	877
1057	1135
1160	2
797	352
381	479
1131	1420
1419	960
1170	905
802	1001
762	552
81	1394
1300	1312
997	97
533	514
1196	1100
74	1295
388	349
168	276
1304	749
3	607
3	832
133	1019
1008	673
1058	1112
1182	1223
221	447
1050	1037
264	954
1475	1047
1345	1174
944	1391
518	1421
810	1012
1030	84
279	285
926	1061
1347	1139
1211	1292
452	66
1152	785
1447	1184
1138	1325
579	448
807	849
105	1017
965	321
1273	288
694	1423
1355	1333
389	1258
1257	1099
941	689
1186	594
480	1067
62	254
320	1231
114	1252
224	592
1454	1147
439	386
1280	470
431	653
1302	326
132	776
611	1081
682	951
1145	677
684	799
1045	1470
363	1158
500	199
1129	1407
1101	846
570	122
247	856
649	1490
986	1029
434	1034
113	348
568	489
679	1208
1220	909
1339	419
1414	15
38	1033
1224	826
1309	302
1340	895
334	702
1405	872
1216	367
1183	626
1092	1402
929	1351
1167	57
1031	747
829	368
634	69
175	157
89	638
156	1321
819	212
1364	555
1225	180
1122	756
1428	474
19	917
547	599
65	1380
1142	1408
1068	852
772	859
93	795
531	313
548	299
101	669
1185	999
1392	902
424	370
18	374
961	789
1297	878
1165	1213
407	743
526	1221
1053	877
260	1135
1202	352
149	1446
499	960
312	905
1458	1001
453	552
581	1169
358	1394
118	1312
824	97
696	17
1443	514
744	1100
205	1295
639	349
497	377
1324	607
748	673
355	1112
845	1037
1385	1174
110	1391
416	1012
443	84
176	359
534	285
67	1292
281	66
1075	937
1375	785
1404	842
815	1480
779	448
469	849
1296	1017
968	1503
983	951
1118	677
1190	775
1255	799
1082	1470
1078	1158
310	199
662	1407
215	189
339	122
1097	856
1141	1029
1035	1034
1390	1208
998	419
305	15
1057	1033
1160	826
797	895
671	702
381	872
1131	403
1419	626
802	1351
762	184
732	747
81	368
1300	69
997	1023
533	638
1196	212
74	555
388	1363
168	1069
3	180
133	721
1008	756
1058	255
1182	474
221	917
1050	599
264	1380
1475	1301
1345	1408
944	852
810	859
1030	1487
279	1439
926	299
1347	669
664	902
1211	370
452	374
1152	1213
1447	1311
1138	1221
579	1135
807	352
1273	1420
694	905
1355	1001
389	552
974	97
1257	17
941	514
1186	1438
480	1100
62	1295
1090	377
320	1112
114	28
224	1037
1454	1047
439	1174
1280	1421
431	359
1302	285
132	1061
611	1139
682	225
320	1292
114	66
224	937
1454	842
439	1184
1280	1480
431	181
1302	849
132	1017
611	674
682	321
1145	1503
136	1453
1423	1294
1258	755
1478	923
793	835
162	380
689	1217
1067	1463
254	86
22	1032
610	51
1231	733
967	617
592	940
1147	1398
386	794
298	1453
470	1294
868	755
631	923
653	835
776	380
1081	751
677	1217
799	1463
1470	86
1158	1032
846	921
189	51
1490	733
1029	617
1046	940
1208	1398
909	794
1000	1453
419	1294
1033	755
826	923
302	835
702	380
872	751
501	1217
626	1463
1402	86
1351	1032
69	921
1023	51
1321	733
212	617
295	940
180	1453
756	755
255	923
474	835
917	380
599	751
1301	1217
852	1463
859	1032
299	921
669	51
370	733
878	940
743	1398
1311	794
1221	1453
877	1294
1135	755
2	923
251	835
479	751
1446	1217
960	1463
905	86
1001	1032
1312	921
97	51
1438	733
1100	617
377	940
749	794
607	1453
832	1294
673	755
1112	923
1223	835
447	380
1037	751
1047	1217
1391	1463
1421	86
1012	1032
1061	921
1139	51
1292	733
1009	617
937	940
842	1398
1184	794
1325	1453
1480	1294
448	755
116	923
181	835
1017	380
674	751
1503	1217
136	1463
1423	86
1333	1032
162	921
594	733
1067	617
167	1398
12	794
684	1294
363	755
500	923
1129	835
1101	751
570	1217
649	1463
986	86
434	1032
1220	921
38	733
1224	617
334	940
1216	1398
1183	1294
929	755
1167	835
829	380
634	751
175	1217
156	1463
819	86
1364	1032
728	921
1225	51
1122	733
19	940
65	1398
1142	1453
1068	1294
772	755
93	835
548	751
1185	1217
424	1463
1279	86
18	1032
526	51
260	733
1151	1398
149	794
499	1294
1458	755
453	923
581	835
358	380
118	751
696	1217
744	86
205	1032
1324	51
748	733
355	617
1385	1453
110	1294
416	755
443	923
660	835
534	380
67	1463
281	1032
779	733
1296	940
968	794
983	1294
1190	755
1255	923
1082	835
310	380
662	751
215	1463
339	86
1097	1032
998	617
1160	940
797	1398
671	794
381	1453
1131	755
1419	923
1170	835
762	380
81	1217
997	1463
533	1032
168	51
3	733
3	617
1058	940
221	794
1050	1453
264	1294
1345	755
518	835
1030	380
279	1217
1347	1463
664	1032
1152	51
1138	733
807	1398
105	794
965	1294
1273	755
694	835
389	380
974	1463
1257	86
941	1032
1090	921
320	940
114	1398
224	1453
439	755
1280	835
1302	1217
611	1463
682	86
1145	1032
500	921
1129	51
1101	733
649	940
434	1398
113	794
136	817
1423	624
1258	1116
1478	876
793	692
723	1054
162	1360
1099	1117
689	1205
1067	668
1024	1062
12	1064
1435	927
967	811
297	203
592	1278
1147	457
386	554
298	478
470	30
347	995
868	687
631	1348
677	521
775	598
799	817
1470	624
199	1116
1407	876
329	692
980	1054
846	1360
189	1399
122	1117
856	1205
1029	668
1046	1073
489	1062
909	1064
1000	1354
15	927
302	811
702	203
872	1278
501	457
403	554
626	478
1402	30
1351	995
184	687
57	1348
638	521
1321	598
212	817
555	624
295	1116
1069	876
180	1360
721	1117
756	1205
474	668
599	1073
1380	1062
1408	1064
852	1354
859	927
313	811
299	203
669	1278
902	457
370	554
374	30
789	995
878	687
1213	1348
1135	521
2	598
251	817
352	624
479	1116
1446	692
1420	1054
960	1360
905	1399
1001	1117
552	1205
97	1073
17	1062
1438	1064
1100	1354
349	927
607	203
832	1278
673	457
1112	554
1223	478
28	30
447	995
1037	687
954	1348
84	521
359	817
285	624
1139	1116
225	876
1292	1054
1009	1360
66	1399
937	1205
842	668
1480	1073
116	1064
181	1354
1017	927
1503	811
937	1278
842	457
1184	554
1325	478
448	687
116	1348
1503	521
288	598
684	624
363	1116
500	876
1129	692
1101	1399
570	1205
649	668
113	1073
679	1064
1220	1354
1339	927
1224	811
1340	203
334	1278
1216	457
1183	30
1092	995
929	687
175	521
89	598
156	817
819	624
728	1360
1225	1399
19	1073
547	1062
1142	1354
699	927
93	811
548	1278
1185	457
1392	554
424	478
1279	30
18	995
961	687
1297	1348
971	521
260	598
1151	692
149	1054
499	1399
312	1117
1458	1205
581	668
118	1073
824	1062
1443	1064
205	927
1324	1278
748	554
355	478
845	1348
416	521
443	598
660	817
176	624
1134	1054
67	1360
281	1117
1474	1205
1375	668
815	1062
779	1064
469	927
983	1278
1190	457
1255	554
1082	478
1078	30
310	995
662	687
1141	598
1035	817
1390	876
998	1360
305	1399
1057	1117
1160	1205
797	668
1419	1064
1170	1354
762	927
81	811
997	203
1196	554
74	478
388	30
168	687
1215	1348
1058	521
1182	598
221	624
264	1116
1475	876
1345	692
944	1054
518	1360
810	1399
1030	1117
279	668
664	1062
452	1354
1447	811
241	1278
807	478
105	30
965	687
1257	1116
941	876
1186	692
480	1054
62	1360
1090	1117
114	1354
224	927
439	811
1280	203
431	554
1302	478
132	30
611	995
682	687
1145	1348
1129	521
817	1453
624	1294
1116	755
876	923
692	835
1360	380
1399	751
1205	1217
668	1463
1354	921
811	617
1278	940
457	1398
554	794
478	1453
30	1294
687	755
1348	923
521	1217
817	1463
624	86
1360	921
1399	51
668	617
1073	940
1064	794
1354	1453
811	835
203	380
1278	751
457	1217
478	1463
30	86
995	1032
598	733
