0	405
1	494
1	637
1	1154
2	783
2	1135
3	133
3	1011
4	217
4	391
4	1392
4	1425
6	167
6	569
7	57
7	392
7	414
7	509
7	638
7	690
7	855
7	946
7	1174
7	1288
7	1346
7	1369
7	1503
8	13
8	73
8	75
8	94
8	102
8	131
8	165
8	194
8	253
8	308
8	318
8	327
8	337
8	420
8	425
8	444
8	470
8	476
8	509
8	563
8	657
8	718
8	719
8	769
8	809
8	823
8	850
8	855
8	946
8	990
8	1080
8	1107
8	1198
8	1219
8	1243
8	1271
8	1308
8	1346
8	1353
8	1369
8	1433
8	1457
8	1467
9	741
9	1110
9	1335
11	167
12	490
12	610
12	1435
13	28
13	94
13	117
13	473
13	509
13	510
13	583
13	589
13	638
13	809
13	813
13	822
13	823
13	855
13	867
13	898
13	980
13	1069
13	1125
13	1229
13	1288
13	1346
13	1369
13	1465
13	1467
13	1471
13	1502
14	92
15	1063
17	29
17	102
17	117
17	131
17	137
17	194
17	253
17	259
17	308
17	327
17	337
17	370
17	415
17	420
17	444
17	473
17	509
17	510
17	583
17	690
17	719
17	775
17	799
17	822
17	823
17	850
17	855
17	864
17	980
17	1107
17	1123
17	1125
17	1157
17	1219
17	1308
17	1346
17	1353
17	1369
17	1397
17	1433
17	1457
17	1502
18	1208
19	654
20	668
21	274
24	1365
25	152
25	234
25	445
25	446
25	1125
26	71
26	137
26	165
26	217
26	240
26	318
26	327
26	337
26	357
26	567
26	570
26	604
26	850
26	990
26	1011
26	1029
26	1070
26	1107
26	1308
26	1359
26	1491
27	167
28	29
28	50
28	73
28	194
28	259
28	327
28	337
28	381
28	474
28	653
28	657
28	809
28	850
28	1128
28	1198
28	1308
28	1346
28	1457
29	31
29	33
29	37
29	126
29	129
29	130
29	142
29	146
29	167
29	199
29	226
29	238
29	251
29	262
29	282
29	285
29	288
29	309
29	326
29	333
29	337
29	367
29	368
29	392
29	393
29	430
29	438
29	445
29	446
29	458
29	469
29	474
29	484
29	492
29	501
29	519
29	529
29	535
29	537
29	544
29	583
29	589
29	601
29	607
29	626
29	631
29	638
29	640
29	653
29	658
29	663
29	672
29	677
29	686
29	701
29	706
29	711
29	760
29	764
29	775
29	790
29	798
29	847
29	861
29	862
29	864
29	872
29	898
29	925
29	930
29	951
29	953
29	954
29	980
29	993
29	994
29	1011
29	1048
29	1073
29	1097
29	1123
29	1125
29	1128
29	1149
29	1154
29	1170
29	1174
29	1180
29	1188
29	1201
29	1252
29	1256
29	1262
29	1265
29	1308
29	1313
29	1335
29	1346
29	1353
29	1357
29	1397
29	1411
29	1425
29	1430
29	1446
29	1455
29	1479
29	1490
30	94
30	194
30	253
30	327
30	420
30	447
30	515
30	583
30	657
30	745
30	809
30	850
30	867
30	921
30	946
30	1037
30	1080
30	1330
30	1369
30	1397
30	1463
30	1480
31	38
31	117
31	167
31	178
31	184
31	186
31	194
31	308
31	348
31	370
31	555
31	717
31	775
31	877
31	902
31	1102
31	1107
31	1125
31	1226
31	1271
31	1346
32	605
32	1482
33	117
33	137
33	301
33	567
33	685
33	764
33	775
33	1001
36	946
37	137
37	167
37	194
37	220
37	259
37	318
37	327
37	337
37	426
37	444
37	598
37	626
37	734
37	775
37	777
37	1039
37	1090
37	1096
37	1107
37	1198
37	1308
37	1502
38	146
38	192
38	334
38	626
38	653
38	764
38	1128
38	1224
38	1309
38	1339
38	1340
38	1414
39	113
40	117
40	131
40	137
40	167
40	337
40	405
40	414
40	444
40	510
40	528
40	530
40	536
40	539
40	540
40	657
40	663
40	685
40	764
40	946
40	1009
40	1026
40	1107
40	1125
40	1332
42	927
44	120
44	194
44	240
44	734
44	809
44	1241
44	1308
45	57
45	79
45	117
45	161
45	202
45	229
45	238
45	313
45	359
45	368
45	370
45	414
45	437
45	481
45	509
45	515
45	517
45	528
45	543
45	558
45	563
45	583
45	592
45	631
45	637
45	638
45	653
45	685
45	700
45	757
45	763
45	764
45	782
45	790
45	823
45	855
45	867
45	869
45	884
45	932
45	934
45	946
45	967
45	1048
45	1153
45	1157
45	1178
45	1210
45	1229
45	1265
45	1278
45	1288
45	1299
45	1323
45	1365
45	1369
45	1467
45	1482
45	1503
47	802
48	775
48	1125
49	162
49	314
49	467
49	1303
49	1489
50	73
50	327
50	337
50	734
50	860
51	355
51	363
51	500
51	748
53	367
53	583
53	1128
54	178
55	855
56	960
57	75
57	94
57	117
57	121
57	131
57	137
57	184
57	194
57	195
57	220
57	253
57	259
57	308
57	327
57	337
57	354
57	420
57	444
57	476
57	509
57	514
57	563
57	583
57	634
57	657
57	690
57	712
57	749
57	769
57	809
57	850
57	1011
57	1080
57	1088
57	1107
57	1198
57	1219
57	1271
57	1308
57	1330
57	1346
57	1369
57	1433
57	1457
57	1465
57	1502
58	776
58	913
58	938
58	1048
58	1274
58	1323
58	1363
59	298
59	1174
61	117
61	945
61	1154
62	559
63	1430
65	1047
65	1357
65	1476
66	351
66	653
66	783
66	1125
66	1205
66	1301
67	281
69	117
69	137
69	216
69	308
69	337
69	850
69	1088
69	1125
69	1371
69	1499
69	1502
70	1238
71	602
72	189
73	161
73	181
73	186
73	229
73	243
73	251
73	253
73	313
73	321
73	349
73	354
73	368
73	414
73	430
73	444
73	472
73	510
73	520
73	528
73	539
73	558
73	583
73	589
73	631
73	638
73	685
73	757
73	790
73	813
73	821
73	823
73	855
73	861
73	864
73	867
73	869
73	884
73	898
73	932
73	946
73	1004
73	1026
73	1069
73	1153
73	1154
73	1157
73	1229
73	1242
73	1246
73	1252
73	1260
73	1265
73	1278
73	1323
73	1332
73	1333
73	1334
73	1335
73	1397
73	1426
73	1430
73	1455
73	1467
73	1503
75	117
75	146
75	238
75	367
75	372
75	392
75	407
75	472
75	494
75	501
75	510
75	600
75	653
75	738
75	760
75	898
75	980
75	1048
75	1125
75	1149
75	1153
75	1154
75	1229
75	1252
75	1346
75	1446
75	1471
75	1502
76	94
76	137
76	240
76	293
76	308
76	337
76	567
76	637
76	775
76	776
76	1011
76	1210
76	1446
77	539
77	685
79	117
79	136
79	165
79	166
79	188
79	240
79	247
79	308
79	321
79	327
79	337
79	411
79	434
79	459
79	469
79	502
79	507
79	510
79	567
79	578
79	764
79	773
79	850
79	869
79	994
79	1011
79	1039
79	1048
79	1071
79	1107
79	1214
79	1219
79	1229
79	1308
79	1330
80	967
81	767
84	980
84	1238
84	1471
86	179
86	583
86	626
86	821
86	1128
89	175
89	780
89	1230
90	1491
91	602
93	855
94	117
94	146
94	369
94	416
94	510
94	517
94	528
94	583
94	638
94	685
94	746
94	822
94	823
94	891
94	898
94	980
94	1048
94	1087
94	1128
94	1154
94	1156
94	1210
94	1229
94	1252
94	1346
94	1430
94	1465
94	1467
94	1471
94	1490
94	1502
95	1047
98	550
99	776
99	1125
100	510
100	953
100	954
100	1363
101	1283
102	161
102	185
102	196
102	199
102	238
102	269
102	308
102	326
102	337
102	349
102	354
102	359
102	369
102	392
102	416
102	438
102	472
102	473
102	481
102	494
102	507
102	509
102	510
102	515
102	517
102	539
102	544
102	583
102	592
102	638
102	653
102	663
102	685
102	719
102	749
102	760
102	763
102	822
102	823
102	855
102	864
102	869
102	891
102	898
102	934
102	947
102	970
102	980
102	1086
102	1087
102	1088
102	1156
102	1178
102	1229
102	1242
102	1252
102	1265
102	1284
102	1288
102	1308
102	1323
102	1346
102	1353
102	1369
102	1397
102	1416
102	1433
102	1440
102	1465
102	1467
102	1503
105	1361
106	146
106	411
106	776
108	1011
109	276
111	685
112	276
113	192
113	872
113	1435
114	1322
117	129
117	142
117	163
117	167
117	184
117	196
117	226
117	238
117	243
117	251
117	253
117	282
117	283
117	297
117	312
117	313
117	326
117	336
117	337
117	349
117	367
117	372
117	384
117	394
117	400
117	415
117	416
117	425
117	430
117	438
117	441
117	444
117	458
117	473
117	476
117	494
117	501
117	505
117	510
117	520
117	528
117	539
117	544
117	558
117	583
117	586
117	589
117	592
117	593
117	601
117	602
117	612
117	613
117	631
117	638
117	656
117	682
117	685
117	695
117	708
117	738
117	743
117	764
117	782
117	790
117	792
117	798
117	811
117	839
117	861
117	862
117	869
117	879
117	891
117	896
117	898
117	910
117	919
117	934
117	935
117	939
117	946
117	947
117	990
117	1001
117	1003
117	1011
117	1020
117	1042
117	1048
117	1060
117	1069
117	1082
117	1086
117	1107
117	1136
117	1153
117	1154
117	1201
117	1229
117	1235
117	1238
117	1252
117	1265
117	1269
117	1288
117	1298
117	1299
117	1303
117	1308
117	1334
117	1353
117	1365
117	1380
117	1391
117	1395
117	1397
117	1416
117	1425
117	1446
117	1455
117	1457
117	1465
117	1467
117	1480
117	1502
118	358
118	498
118	581
118	1458
119	145
120	240
120	247
120	1047
120	1214
121	313
121	481
121	509
121	514
121	536
121	685
121	822
121	855
121	1288
121	1369
121	1503
122	1363
123	142
125	517
126	140
126	240
126	337
126	567
126	1077
126	1098
126	1214
127	517
127	1135
129	137
129	289
129	327
129	337
129	530
129	609
129	775
129	850
129	1117
129	1152
129	1154
129	1346
129	1458
129	1502
130	167
130	349
130	390
130	532
130	653
130	775
130	991
131	229
131	349
131	359
131	368
131	370
131	414
131	509
131	514
131	515
131	517
131	520
131	631
131	637
131	638
131	685
131	710
131	763
131	764
131	822
131	823
131	855
131	864
131	898
131	932
131	946
131	995
131	1026
131	1154
131	1157
131	1229
131	1238
131	1265
131	1288
131	1308
131	1323
131	1369
131	1467
131	1471
131	1503
132	142
132	1490
133	358
133	1011
133	1304
135	347
136	184
136	199
136	308
136	318
136	327
136	501
136	510
136	515
136	517
136	539
136	592
136	743
136	855
136	1014
136	1125
136	1128
136	1174
136	1306
136	1333
136	1446
136	1467
137	146
137	163
137	166
137	202
137	243
137	251
137	269
137	275
137	283
137	331
137	359
137	367
137	368
137	384
137	405
137	407
137	414
137	416
137	422
137	430
137	472
137	494
137	515
137	517
137	520
137	522
137	528
137	558
137	573
137	583
137	589
137	592
137	630
137	631
137	638
137	653
137	685
137	708
137	745
137	764
137	790
137	798
137	811
137	813
137	823
137	855
137	861
137	864
137	872
137	891
137	910
137	946
137	949
137	967
137	1001
137	1004
137	1026
137	1048
137	1069
137	1154
137	1157
137	1174
137	1235
137	1238
137	1252
137	1265
137	1269
137	1271
137	1275
137	1288
137	1308
137	1346
137	1365
137	1370
137	1380
137	1391
137	1416
137	1430
137	1490
137	1503
139	355
140	167
140	227
140	240
140	567
140	1077
140	1153
142	194
142	226
142	276
142	337
142	358
142	498
142	509
142	528
142	567
142	647
142	653
142	769
142	775
142	824
142	1125
142	1128
142	1180
142	1306
142	1458
142	1490
142	1502
144	325
145	240
145	567
146	154
146	226
146	337
146	348
146	359
146	405
146	444
146	509
146	567
146	685
146	764
146	850
146	862
146	877
146	892
146	903
146	1011
146	1107
146	1125
146	1252
146	1308
146	1346
146	1387
148	587
148	1430
149	1025
149	1151
150	567
151	348
151	819
151	1100
151	1248
152	234
152	446
152	917
152	1005
154	167
154	348
154	367
154	891
154	1011
154	1346
155	157
155	326
156	1425
157	405
158	714
158	1289
159	1214
161	308
161	318
161	327
161	337
161	473
161	509
161	583
161	712
161	745
161	769
161	809
161	823
161	843
161	850
161	1107
161	1214
161	1308
161	1467
162	467
162	1283
162	1395
163	194
163	243
163	447
163	857
164	842
164	1069
164	1483
164	1496
165	166
165	199
165	202
165	229
165	269
165	276
165	304
165	313
165	321
165	369
165	405
165	459
165	473
165	481
165	494
165	507
165	509
165	515
165	517
165	583
165	592
165	638
165	685
165	746
165	764
165	822
165	823
165	855
165	861
165	867
165	869
165	891
165	898
165	946
165	1001
165	1026
165	1082
165	1087
165	1125
165	1153
165	1210
165	1229
165	1288
165	1330
165	1369
165	1397
165	1445
165	1455
165	1467
165	1482
165	1503
166	308
166	327
166	337
166	405
166	510
166	657
166	685
166	769
166	809
166	850
166	1009
166	1088
166	1125
166	1308
166	1330
166	1346
166	1455
167	190
167	240
167	247
167	251
167	253
167	262
167	274
167	286
167	313
167	325
167	337
167	339
167	348
167	359
167	368
167	378
167	379
167	397
167	441
167	445
167	446
167	447
167	460
167	474
167	528
167	537
167	555
167	560
167	567
167	601
167	612
167	613
167	638
167	640
167	656
167	663
167	672
167	682
167	685
167	700
167	704
167	706
167	746
167	757
167	764
167	799
167	812
167	816
167	856
167	858
167	862
167	891
167	900
167	903
167	927
167	931
167	939
167	960
167	967
167	984
167	991
167	1009
167	1024
167	1042
167	1112
167	1122
167	1125
167	1128
167	1154
167	1157
167	1170
167	1174
167	1223
167	1236
167	1252
167	1262
167	1265
167	1281
167	1296
167	1303
167	1318
167	1320
167	1323
167	1328
167	1363
167	1365
167	1370
167	1382
167	1386
167	1401
167	1429
167	1430
167	1440
167	1449
168	202
169	558
170	630
170	722
171	286
171	537
171	1047
171	1107
171	1157
171	1244
171	1332
172	309
172	792
174	240
174	775
178	602
178	656
178	1042
178	1125
178	1174
178	1236
178	1402
179	264
179	751
179	921
179	1032
179	1463
180	626
181	567
181	1214
182	469
183	746
184	308
184	336
184	457
184	469
184	539
184	583
184	597
184	626
184	653
184	657
184	663
184	746
184	850
184	867
184	1042
184	1088
184	1125
184	1351
184	1446
184	1467
185	263
185	308
185	1253
185	1308
185	1346
185	1433
185	1457
186	326
186	337
186	583
186	685
186	701
186	710
186	741
186	902
186	1125
186	1174
187	910
188	321
188	558
188	663
190	367
190	775
191	1265
192	1069
193	550
193	567
193	1039
193	1308
194	304
194	309
194	312
194	326
194	349
194	369
194	392
194	414
194	416
194	473
194	481
194	501
194	507
194	510
194	517
194	539
194	543
194	583
194	638
194	685
194	706
194	712
194	746
194	757
194	758
194	763
194	769
194	780
194	811
194	822
194	823
194	850
194	855
194	864
194	869
194	891
194	898
194	932
194	946
194	967
194	1048
194	1069
194	1087
194	1088
194	1153
194	1154
194	1178
194	1210
194	1229
194	1230
194	1238
194	1246
194	1252
194	1265
194	1288
194	1299
194	1306
194	1308
194	1323
194	1334
194	1363
194	1369
194	1397
194	1467
194	1503
195	366
195	369
195	371
195	383
195	426
195	459
195	524
195	682
195	719
195	1265
195	1322
195	1334
195	1406
195	1471
195	1501
196	509
196	528
196	544
196	577
196	1107
198	743
199	220
199	337
199	392
199	444
199	474
199	476
199	657
199	775
199	809
199	855
199	1107
199	1271
199	1308
199	1332
202	240
202	262
202	308
202	327
202	337
202	362
202	567
202	668
202	763
202	850
202	861
202	1011
202	1088
202	1107
202	1219
202	1346
202	1390
204	240
204	694
204	1047
205	543
206	240
206	507
206	567
206	1214
210	734
211	1496
212	764
213	345
213	430
214	969
217	219
217	335
217	517
217	592
217	734
217	782
217	834
217	955
217	1283
217	1311
217	1365
218	459
218	1051
219	471
219	726
219	1047
220	229
220	473
220	514
220	517
220	589
220	631
220	638
220	657
220	809
220	855
220	904
220	946
220	1069
220	1265
220	1275
220	1288
220	1308
220	1369
222	1400
224	586
226	269
226	308
226	337
226	349
226	407
226	423
226	445
226	515
226	517
226	528
226	539
226	589
226	640
226	653
226	685
226	712
226	764
226	775
226	891
226	913
226	934
226	953
226	1011
226	1048
226	1128
226	1154
226	1238
226	1252
226	1269
226	1288
226	1346
226	1370
226	1397
226	1401
226	1465
227	567
227	1129
227	1333
228	312
229	240
229	296
229	333
229	444
229	507
229	567
229	712
229	861
229	884
229	1026
229	1153
229	1214
229	1308
229	1335
229	1457
230	425
231	1395
232	369
233	1223
234	446
234	917
234	1023
235	1076
235	1125
237	1174
238	337
238	372
238	405
238	521
238	654
238	775
238	862
238	918
238	967
238	1039
238	1088
238	1107
238	1428
238	1502
239	337
240	246
240	304
240	313
240	314
240	321
240	326
240	353
240	356
240	384
240	400
240	445
240	473
240	484
240	505
240	507
240	519
240	583
240	585
240	589
240	597
240	604
240	626
240	631
240	651
240	671
240	682
240	686
240	720
240	735
240	757
240	782
240	839
240	847
240	879
240	884
240	896
240	898
240	910
240	935
240	939
240	1026
240	1049
240	1076
240	1079
240	1153
240	1157
240	1177
240	1229
240	1230
240	1235
240	1246
240	1253
240	1262
240	1265
240	1278
240	1287
240	1288
240	1298
240	1326
240	1333
240	1335
240	1382
240	1395
240	1402
240	1426
240	1435
240	1446
240	1455
240	1467
240	1471
240	1503
241	931
243	337
243	509
243	1265
243	1308
244	1193
245	685
245	905
246	567
247	286
247	1189
248	567
251	327
251	337
251	612
251	634
251	775
251	850
251	1088
251	1346
251	1464
251	1502
253	349
253	359
253	368
253	370
253	405
253	444
253	473
253	501
253	507
253	509
253	510
253	517
253	520
253	583
253	589
253	638
253	735
253	813
253	822
253	823
253	855
253	864
253	869
253	891
253	898
253	931
253	934
253	946
253	949
253	980
253	1004
253	1048
253	1125
253	1154
253	1174
253	1229
253	1238
253	1288
253	1363
253	1369
253	1397
253	1430
253	1465
253	1467
253	1471
253	1482
253	1503
255	663
257	1333
259	269
259	326
259	405
259	430
259	472
259	484
259	501
259	509
259	520
259	528
259	573
259	583
259	685
259	823
259	855
259	864
259	891
259	932
259	946
259	1048
259	1153
259	1154
259	1229
259	1238
259	1252
259	1275
259	1288
259	1308
259	1335
259	1365
259	1369
259	1391
259	1397
259	1416
259	1446
259	1465
259	1467
259	1471
259	1482
261	1252
262	1125
263	543
264	778
264	1032
264	1345
264	1475
265	654
266	573
266	719
266	1427
268	407
269	286
269	308
269	312
269	384
269	420
269	444
269	515
269	517
269	550
269	719
269	735
269	776
269	809
269	822
269	823
269	909
269	1011
269	1107
269	1271
269	1307
269	1308
269	1346
269	1369
269	1397
269	1433
270	1218
270	1365
272	1149
273	1332
274	550
274	646
275	425
275	567
275	949
275	1214
276	368
276	414
276	438
276	550
276	565
276	710
276	745
276	757
276	861
276	891
276	1024
276	1204
276	1235
276	1330
276	1401
276	1455
277	921
277	1322
279	1208
279	1267
280	892
280	1283
280	1354
281	445
281	626
281	640
281	1128
281	1402
281	1490
282	609
282	638
282	653
282	768
282	775
282	1125
282	1186
282	1271
282	1307
282	1330
282	1346
282	1502
283	308
283	395
283	414
283	539
283	685
283	1308
283	1347
283	1430
284	1001
285	1230
286	918
290	336
292	916
293	1446
296	558
296	861
296	1335
297	308
297	1168
297	1283
297	1308
297	1346
299	424
300	654
300	1170
303	792
304	505
304	507
304	635
304	1107
304	1214
304	1330
304	1346
304	1455
305	668
305	1482
306	750
306	1026
308	309
308	313
308	326
308	349
308	359
308	366
308	367
308	368
308	369
308	384
308	393
308	405
308	414
308	430
308	472
308	473
308	501
308	507
308	509
308	510
308	515
308	517
308	522
308	530
308	536
308	557
308	558
308	583
308	589
308	592
308	613
308	630
308	631
308	638
308	663
308	675
308	685
308	712
308	734
308	746
308	760
308	763
308	780
308	809
308	813
308	823
308	847
308	850
308	855
308	861
308	864
308	869
308	872
308	891
308	898
308	932
308	934
308	946
308	947
308	967
308	972
308	980
308	1014
308	1020
308	1026
308	1048
308	1069
308	1087
308	1128
308	1150
308	1153
308	1154
308	1156
308	1157
308	1177
308	1210
308	1229
308	1230
308	1238
308	1246
308	1252
308	1265
308	1288
308	1299
308	1308
308	1323
308	1330
308	1332
308	1334
308	1346
308	1363
308	1365
308	1369
308	1380
308	1391
308	1397
308	1430
308	1465
308	1467
308	1471
308	1503
309	327
309	497
309	546
309	734
309	746
309	769
309	775
309	850
309	1088
309	1346
310	586
310	1078
311	734
312	313
312	450
312	1069
312	1107
312	1213
312	1346
313	321
313	459
313	476
313	507
313	635
313	657
313	685
313	757
313	809
313	1087
313	1107
313	1127
313	1156
313	1214
313	1219
313	1308
313	1330
313	1346
313	1397
313	1498
314	368
314	407
314	456
314	787
314	888
314	1086
314	1087
314	1128
314	1214
314	1252
314	1323
314	1329
316	361
317	960
317	1308
318	327
318	369
318	430
318	473
318	481
318	509
318	510
318	517
318	583
318	592
318	657
318	809
318	813
318	855
318	891
318	946
318	1048
318	1288
318	1467
320	1174
321	459
321	635
321	1214
321	1330
321	1452
321	1503
324	850
324	1012
324	1141
324	1481
325	337
325	578
325	654
325	726
325	795
326	336
326	337
326	339
326	438
326	472
326	558
326	567
326	775
326	776
326	847
326	850
326	861
326	879
326	1086
326	1092
326	1125
326	1271
326	1334
326	1346
326	1401
326	1416
327	335
327	336
327	349
327	359
327	368
327	369
327	384
327	405
327	414
327	416
327	430
327	459
327	473
327	501
327	507
327	509
327	510
327	517
327	520
327	528
327	539
327	543
327	558
327	573
327	583
327	589
327	631
327	638
327	653
327	663
327	675
327	682
327	700
327	743
327	760
327	763
327	764
327	780
327	790
327	798
327	809
327	811
327	813
327	822
327	823
327	855
327	861
327	864
327	869
327	891
327	896
327	897
327	898
327	904
327	917
327	932
327	934
327	946
327	947
327	949
327	967
327	980
327	1001
327	1004
327	1011
327	1026
327	1061
327	1069
327	1076
327	1087
327	1153
327	1154
327	1157
327	1172
327	1178
327	1208
327	1210
327	1229
327	1230
327	1235
327	1238
327	1242
327	1246
327	1260
327	1265
327	1288
327	1306
327	1323
327	1333
327	1335
327	1346
327	1353
327	1363
327	1365
327	1369
327	1397
327	1430
327	1465
327	1467
327	1471
327	1503
328	1004
328	1170
329	609
329	1333
331	734
333	558
333	861
334	510
334	592
334	1224
334	1309
334	1405
334	1414
335	337
335	567
336	438
336	472
336	558
336	609
336	776
336	1014
336	1042
336	1086
336	1088
336	1102
336	1125
336	1134
336	1198
336	1226
336	1334
336	1416
336	1456
336	1457
337	359
337	367
337	368
337	369
337	384
337	392
337	393
337	414
337	416
337	430
337	445
337	459
337	473
337	484
337	494
337	515
337	517
337	520
337	522
337	528
337	539
337	544
337	558
337	573
337	583
337	589
337	597
337	600
337	607
337	626
337	631
337	638
337	653
337	685
337	712
337	720
337	735
337	746
337	760
337	790
337	798
337	813
337	823
337	855
337	867
337	872
337	891
337	897
337	898
337	909
337	910
337	925
337	935
337	946
337	947
337	949
337	967
337	970
337	980
337	993
337	1001
337	1004
337	1011
337	1024
337	1042
337	1048
337	1060
337	1061
337	1069
337	1082
337	1125
337	1149
337	1150
337	1153
337	1154
337	1156
337	1157
337	1174
337	1178
337	1201
337	1210
337	1229
337	1230
337	1235
337	1238
337	1252
337	1265
337	1269
337	1271
337	1274
337	1275
337	1283
337	1288
337	1299
337	1308
337	1322
337	1323
337	1332
337	1346
337	1353
337	1363
337	1365
337	1368
337	1369
337	1370
337	1387
337	1391
337	1397
337	1406
337	1416
337	1425
337	1440
337	1446
337	1455
337	1457
337	1465
337	1467
337	1471
337	1490
337	1503
338	1174
339	567
339	775
339	872
339	1125
341	1355
342	1221
344	458
344	776
344	902
344	1125
344	1332
345	430
346	1001
347	515
347	1099
347	1125
347	1221
347	1319
347	1458
347	1495
348	405
348	490
348	539
348	602
348	613
348	656
348	685
348	764
348	1125
348	1174
348	1365
348	1382
348	1480
349	377
349	420
349	444
349	509
349	567
349	583
349	653
349	718
349	769
349	809
349	823
349	850
349	867
349	934
349	1080
349	1107
349	1214
349	1219
349	1271
349	1308
349	1346
349	1353
349	1369
349	1397
349	1433
349	1457
350	1476
351	1024
351	1042
351	1082
351	1363
351	1430
351	1455
353	656
353	813
353	1146
353	1214
353	1249
353	1503
354	368
354	509
354	589
354	745
354	855
354	932
354	946
354	967
354	1087
354	1154
354	1178
354	1238
354	1265
354	1288
354	1308
354	1333
354	1363
354	1369
354	1433
354	1503
356	567
356	1125
357	861
357	1214
358	453
358	498
358	499
358	581
358	824
358	863
358	1011
358	1458
359	484
359	626
359	657
359	712
359	799
359	809
359	850
359	914
359	955
359	1107
359	1125
359	1219
359	1271
359	1308
361	495
361	598
361	1125
361	1278
361	1303
363	500
363	1129
366	444
366	510
366	1333
366	1433
367	393
367	446
367	474
367	501
367	634
367	653
367	746
367	765
367	775
367	850
367	886
367	903
367	951
367	960
367	1011
367	1014
367	1066
367	1102
367	1107
367	1125
367	1128
367	1170
367	1198
367	1205
367	1306
367	1308
367	1346
367	1363
367	1490
368	617
368	734
368	775
368	776
368	809
368	850
368	990
368	1100
368	1107
368	1125
368	1308
368	1332
368	1346
368	1448
368	1457
369	444
369	509
369	510
369	769
369	850
369	902
369	1039
369	1080
369	1088
369	1125
369	1271
369	1308
369	1330
369	1346
370	799
370	822
370	1125
370	1174
370	1219
370	1397
371	393
371	626
371	775
371	891
371	1128
372	521
372	609
372	633
372	654
372	769
372	928
372	1011
372	1125
372	1465
374	998
376	517
377	1125
378	461
380	951
380	1391
381	626
382	593
382	609
382	701
383	438
383	593
383	734
383	775
383	946
383	1107
383	1128
383	1252
383	1308
383	1332
383	1457
384	567
384	592
384	776
384	799
384	908
384	947
384	1200
384	1214
384	1397
385	494
386	685
386	764
387	800
387	1176
387	1329
387	1379
388	967
389	524
389	1408
391	529
391	1189
392	445
392	474
392	510
392	641
392	696
392	760
392	775
392	980
392	1048
392	1308
392	1346
392	1363
392	1387
392	1433
393	592
393	631
393	675
393	764
393	792
393	834
393	902
393	1286
393	1303
393	1369
397	473
397	517
397	558
397	567
397	583
397	823
397	855
397	972
397	1467
400	553
400	794
400	1214
400	1220
401	1408
402	414
402	583
402	635
402	812
402	1401
404	743
405	414
405	420
405	425
405	444
405	458
405	459
405	473
405	507
405	528
405	530
405	536
405	539
405	540
405	583
405	626
405	653
405	657
405	663
405	685
405	764
405	767
405	780
405	788
405	809
405	833
405	850
405	861
405	898
405	918
405	931
405	946
405	970
405	1020
405	1026
405	1048
405	1080
405	1087
405	1107
405	1128
405	1150
405	1174
405	1198
405	1225
405	1252
405	1270
405	1308
405	1334
405	1346
405	1371
405	1381
405	1397
405	1433
405	1440
405	1442
405	1455
405	1457
405	1465
405	1467
405	1494
406	1026
406	1196
407	719
407	776
407	1271
409	544
413	861
413	960
414	425
414	444
414	528
414	530
414	601
414	657
414	663
414	685
414	690
414	758
414	764
414	774
414	822
414	850
414	908
414	990
414	1034
414	1080
414	1198
414	1219
414	1264
414	1271
414	1275
414	1278
414	1308
414	1346
414	1347
414	1397
414	1433
414	1457
414	1501
415	567
415	700
416	741
416	769
416	809
416	850
416	1088
416	1283
416	1308
418	1208
419	1076
420	459
420	473
420	481
420	501
420	510
420	515
420	517
420	583
420	589
420	631
420	638
420	653
420	663
420	685
420	745
420	809
420	822
420	823
420	855
420	861
420	867
420	869
420	898
420	932
420	934
420	946
420	949
420	990
420	1069
420	1082
420	1153
420	1154
420	1174
420	1178
420	1229
420	1238
420	1288
420	1346
420	1353
420	1369
420	1397
420	1465
420	1467
420	1471
421	538
422	1073
425	444
425	473
425	641
425	822
425	855
425	869
425	898
425	904
425	946
425	1080
425	1157
425	1288
425	1346
425	1467
426	814
426	1004
426	1048
426	1098
427	568
429	951
430	444
430	653
430	775
430	850
430	916
430	946
430	1048
430	1107
430	1235
430	1308
430	1333
430	1346
430	1408
430	1457
430	1465
430	1490
430	1496
433	833
433	1436
434	587
435	955
436	811
437	734
438	472
438	509
438	517
438	528
438	558
438	775
438	776
438	809
438	850
438	861
438	1039
438	1062
438	1086
438	1088
438	1334
438	1339
438	1363
438	1416
439	722
441	775
441	790
441	1125
443	528
444	481
444	501
444	509
444	510
444	515
444	517
444	528
444	539
444	558
444	583
444	589
444	631
444	663
444	685
444	712
444	764
444	822
444	823
444	855
444	861
444	869
444	891
444	898
444	918
444	932
444	946
444	972
444	980
444	1001
444	1026
444	1080
444	1087
444	1097
444	1154
444	1174
444	1210
444	1229
444	1238
444	1288
444	1346
444	1353
444	1369
444	1397
444	1406
444	1440
444	1465
444	1467
444	1471
444	1478
444	1503
445	447
445	455
445	474
445	638
445	653
445	714
445	722
445	775
445	826
445	861
445	867
445	960
445	1048
445	1125
445	1128
445	1145
445	1149
445	1170
445	1173
445	1214
445	1235
445	1252
445	1308
445	1490
446	529
446	653
446	658
446	734
446	775
446	917
446	960
446	982
446	1128
446	1170
446	1189
446	1252
446	1395
447	1149
448	1238
449	638
449	1157
450	506
452	583
453	567
453	581
453	1230
453	1235
453	1322
453	1458
453	1490
455	626
455	653
455	1128
455	1210
455	1402
455	1490
458	528
458	685
458	764
458	775
458	1171
458	1315
458	1457
459	507
459	536
459	567
459	764
459	861
459	891
459	1011
459	1026
459	1051
459	1314
459	1330
459	1332
459	1416
459	1455
460	472
460	776
460	870
460	1386
460	1416
463	1306
465	1478
466	625
466	749
467	1125
467	1306
468	520
468	567
468	949
468	1060
469	666
469	841
469	853
469	1149
469	1436
470	583
471	1269
472	509
472	521
472	558
472	567
472	1011
472	1086
472	1334
472	1416
473	509
473	653
473	685
473	719
473	769
473	799
473	809
473	821
473	822
473	823
473	850
473	855
473	864
473	972
473	1088
473	1214
473	1219
473	1229
473	1243
473	1271
473	1299
473	1308
473	1323
473	1330
473	1346
473	1353
473	1369
473	1457
473	1467
473	1502
474	583
474	626
474	638
474	640
474	653
474	775
474	822
474	862
474	960
474	1011
474	1042
474	1125
474	1128
474	1149
474	1170
474	1252
474	1455
474	1465
476	509
476	583
476	690
476	822
476	823
476	855
476	932
476	946
476	1001
476	1219
476	1238
476	1271
476	1288
476	1351
476	1369
476	1397
476	1467
476	1503
477	653
478	954
479	1048
480	1503
481	657
481	758
481	809
481	954
481	1107
481	1219
481	1308
484	510
484	653
484	764
484	775
484	1125
485	640
489	1046
490	1435
491	855
492	558
492	567
492	775
494	709
494	1047
496	1322
497	1332
498	499
498	581
498	863
498	1458
499	581
499	1458
500	597
501	634
501	657
501	775
501	809
501	823
501	855
501	972
501	1014
501	1039
501	1088
501	1102
501	1107
501	1306
501	1346
501	1443
502	746
503	1213
504	626
504	891
505	635
505	637
505	1214
505	1252
505	1274
506	1446
506	1470
507	604
507	712
507	809
507	822
507	850
507	861
507	867
507	1026
507	1214
507	1330
507	1346
507	1455
508	994
509	515
509	517
509	563
509	583
509	638
509	657
509	690
509	712
509	719
509	735
509	749
509	758
509	769
509	823
509	855
509	861
509	867
509	869
509	891
509	1082
509	1086
509	1107
509	1154
509	1198
509	1219
509	1229
509	1238
509	1252
509	1288
509	1299
509	1308
509	1369
509	1397
509	1416
509	1433
509	1457
509	1467
509	1471
509	1503
510	517
510	520
510	528
510	544
510	573
510	583
510	585
510	601
510	613
510	631
510	653
510	685
510	718
510	743
510	745
510	809
510	850
510	855
510	891
510	991
510	1011
510	1039
510	1080
510	1087
510	1088
510	1149
510	1154
510	1210
510	1230
510	1299
510	1332
510	1346
510	1353
510	1365
510	1369
510	1391
510	1416
510	1457
510	1502
511	891
512	1322
513	1177
513	1202
514	563
514	657
514	690
514	799
514	955
514	1125
514	1308
514	1397
514	1433
515	517
515	531
515	567
515	657
515	690
515	719
515	800
515	809
515	822
515	823
515	850
515	855
515	1107
515	1129
515	1271
515	1308
515	1369
515	1411
515	1433
515	1457
515	1467
517	549
517	580
517	653
517	657
517	685
517	700
517	712
517	719
517	735
517	740
517	741
517	809
517	822
517	823
517	843
517	850
517	855
517	1107
517	1174
517	1219
517	1228
517	1271
517	1306
517	1308
517	1323
517	1330
517	1346
517	1364
517	1369
517	1397
517	1430
517	1433
517	1454
517	1457
517	1467
517	1503
518	810
518	925
518	1348
519	567
519	775
519	1214
520	712
520	809
520	850
520	855
520	1088
520	1164
520	1308
520	1346
520	1367
520	1391
521	918
521	1086
521	1221
521	1252
521	1416
521	1465
522	850
522	1308
522	1433
525	1230
525	1430
528	530
528	653
528	685
528	764
528	798
528	855
528	1011
528	1086
528	1107
528	1128
528	1134
528	1154
528	1201
528	1219
528	1299
528	1308
528	1346
528	1400
528	1425
528	1457
528	1501
529	680
529	775
529	982
529	1189
529	1395
530	663
530	685
530	764
530	1053
530	1308
533	764
534	1135
536	539
536	567
536	685
536	764
536	775
536	1214
537	627
537	775
539	540
539	600
539	609
539	644
539	663
539	685
539	764
539	775
539	809
539	1080
539	1107
539	1169
539	1219
539	1271
539	1308
539	1346
539	1381
539	1417
539	1433
539	1444
539	1457
540	685
540	764
540	833
540	970
540	1020
540	1191
540	1270
541	951
541	1425
542	1232
543	1457
544	567
544	631
544	696
544	775
544	840
544	881
544	1038
544	1039
544	1066
544	1080
544	1086
544	1308
544	1346
545	1125
545	1333
548	1042
549	934
550	929
550	931
550	1076
550	1174
550	1488
551	631
552	867
552	869
552	1023
552	1149
554	663
555	1177
555	1425
556	775
557	630
558	776
558	809
558	861
558	884
558	1011
558	1026
558	1039
558	1048
558	1086
558	1088
558	1125
558	1153
558	1308
558	1326
558	1334
558	1346
558	1363
558	1416
558	1459
561	1230
562	1274
563	657
563	685
563	735
563	822
563	855
563	864
563	898
563	1087
563	1157
563	1265
563	1308
563	1323
563	1503
567	583
567	585
567	597
567	653
567	663
567	682
567	685
567	720
567	735
567	808
567	811
567	821
567	823
567	854
567	855
567	864
567	869
567	884
567	935
567	939
567	953
567	1012
567	1060
567	1073
567	1076
567	1153
567	1174
567	1221
567	1229
567	1230
567	1252
567	1262
567	1278
567	1333
567	1335
567	1365
567	1382
567	1411
567	1426
567	1435
567	1467
567	1471
567	1480
567	1503
569	775
569	1047
571	951
571	1125
572	1489
573	1308
573	1502
574	1307
576	1214
579	1265
581	863
581	1458
582	1253
583	640
583	641
583	653
583	672
583	684
583	712
583	719
583	735
583	769
583	775
583	809
583	821
583	822
583	823
583	850
583	855
583	921
583	934
583	946
583	951
583	960
583	967
583	974
583	998
583	1011
583	1039
583	1047
583	1048
583	1080
583	1107
583	1123
583	1128
583	1149
583	1174
583	1214
583	1219
583	1271
583	1308
583	1342
583	1346
583	1353
583	1363
583	1369
583	1430
583	1433
583	1444
583	1457
583	1474
583	1483
585	775
586	829
587	775
587	796
588	653
589	775
589	809
589	823
589	850
589	1080
589	1088
589	1308
589	1333
589	1346
589	1353
589	1433
589	1457
589	1502
590	1125
592	685
592	719
592	776
592	808
592	809
592	823
592	855
592	947
592	1016
592	1107
592	1308
592	1330
592	1346
592	1397
592	1433
592	1457
592	1467
593	685
593	855
593	882
593	946
593	1386
595	1154
596	953
597	850
597	956
597	1214
598	1278
600	618
600	957
600	1040
600	1048
600	1153
600	1298
601	626
601	653
601	734
601	891
601	1011
601	1100
601	1125
601	1128
601	1241
602	656
602	1125
602	1333
604	1011
604	1214
604	1363
606	852
607	775
607	823
607	1026
607	1109
607	1125
607	1208
609	918
609	1125
609	1411
609	1463
610	1075
611	949
612	1346
613	775
613	1125
614	1042
615	1265
618	1125
618	1174
622	776
623	790
623	882
625	749
626	640
626	653
626	672
626	674
626	764
626	775
626	799
626	822
626	860
626	879
626	902
626	967
626	1012
626	1041
626	1048
626	1107
626	1118
626	1128
626	1170
626	1219
626	1236
626	1271
626	1402
626	1490
628	754
628	1191
629	668
630	847
630	1125
630	1229
630	1332
631	653
631	657
631	759
631	775
631	990
631	1019
631	1080
631	1107
631	1161
631	1187
631	1198
631	1308
631	1346
631	1364
631	1457
632	1333
633	928
633	1496
634	967
634	1001
634	1042
634	1153
634	1238
635	677
635	729
635	955
635	1017
635	1330
637	654
637	1154
637	1388
637	1433
637	1457
637	1496
638	657
638	718
638	734
638	775
638	809
638	850
638	990
638	997
638	1088
638	1107
638	1272
638	1283
638	1308
638	1346
638	1433
638	1447
638	1450
638	1457
639	1267
640	653
640	672
640	775
640	793
640	809
640	952
640	1128
640	1170
640	1333
640	1402
641	685
641	855
641	891
641	1048
641	1080
641	1088
641	1198
641	1235
644	685
644	842
646	770
646	861
647	710
648	734
653	657
653	658
653	672
653	809
653	855
653	891
653	898
653	930
653	960
653	1020
653	1042
653	1048
653	1125
653	1128
653	1154
653	1157
653	1170
653	1208
653	1219
653	1238
653	1265
653	1308
653	1335
653	1353
653	1370
653	1386
653	1397
654	1125
654	1193
654	1221
654	1496
654	1504
656	813
656	902
656	903
656	1125
656	1271
656	1480
657	685
657	690
657	735
657	822
657	823
657	855
657	898
657	1026
657	1087
657	1157
657	1178
657	1210
657	1229
657	1265
657	1275
657	1288
657	1308
657	1333
657	1346
657	1365
657	1369
657	1397
657	1457
657	1465
657	1467
657	1471
657	1482
657	1503
658	734
658	775
658	960
658	1125
658	1128
658	1170
660	1128
660	1252
662	1230
663	674
663	685
663	764
663	775
663	809
663	1020
663	1080
663	1087
663	1107
663	1154
663	1308
663	1346
663	1433
663	1457
664	1001
665	1180
665	1252
668	790
668	805
668	830
668	919
668	1217
668	1270
668	1366
668	1404
670	764
671	679
671	954
671	1214
671	1288
672	775
672	978
672	1125
672	1128
672	1170
672	1402
672	1490
673	799
673	1109
674	891
675	972
677	775
677	876
677	1308
678	1208
679	1026
680	1252
682	1088
682	1214
682	1308
682	1346
684	1011
684	1333
685	690
685	764
685	780
685	809
685	822
685	833
685	850
685	861
685	931
685	970
685	1001
685	1019
685	1020
685	1026
685	1080
685	1088
685	1107
685	1128
685	1150
685	1198
685	1214
685	1219
685	1270
685	1271
685	1284
685	1299
685	1308
685	1330
685	1346
685	1381
685	1397
685	1430
685	1433
685	1455
685	1457
686	775
686	1047
686	1363
687	1317
690	764
690	813
690	823
690	855
690	861
690	1048
690	1219
690	1288
690	1299
690	1369
690	1430
690	1471
691	775
692	910
693	1306
693	1369
693	1413
695	775
697	1050
697	1223
699	1068
699	1142
700	775
700	1333
701	745
701	775
701	902
701	951
701	972
701	1195
701	1221
705	1230
706	775
706	867
706	1107
706	1149
707	1125
707	1136
708	710
708	775
708	991
708	1125
708	1323
710	902
710	939
710	1174
710	1322
711	775
711	1128
712	769
712	823
712	850
712	891
712	1048
712	1087
712	1107
712	1216
712	1229
712	1238
712	1323
712	1333
712	1335
712	1346
712	1467
712	1482
712	1502
712	1503
714	1149
715	946
716	775
716	1177
717	1397
718	809
718	823
718	1174
718	1229
718	1503
719	823
719	855
719	869
719	972
719	1229
719	1288
719	1299
719	1353
719	1369
719	1397
719	1467
719	1471
720	1174
720	1214
720	1496
722	1125
722	1286
722	1360
723	1482
724	1467
725	764
725	810
726	1001
726	1354
727	1238
728	1221
731	775
732	782
733	1152
734	745
734	809
734	898
734	988
734	1011
734	1024
734	1080
734	1107
734	1123
734	1125
734	1178
734	1238
734	1247
734	1252
734	1259
734	1323
734	1348
734	1437
735	745
735	775
735	823
735	855
735	946
735	1107
735	1214
735	1271
735	1286
735	1308
735	1397
735	1455
735	1457
735	1467
735	1471
738	1088
740	1467
741	1042
741	1125
741	1267
743	809
743	850
743	1039
743	1107
743	1306
743	1346
743	1502
744	955
745	855
745	1174
745	1219
745	1308
745	1346
745	1363
745	1397
746	764
746	809
746	1014
746	1102
746	1107
746	1306
746	1346
746	1433
749	855
750	942
752	1188
752	1293
752	1313
754	1191
755	944
757	1330
757	1346
757	1433
758	850
758	869
758	872
758	904
758	946
758	1107
758	1198
758	1246
758	1265
758	1308
758	1323
758	1351
758	1503
760	775
760	1048
760	1107
760	1214
760	1308
760	1346
760	1363
760	1433
760	1478
762	1252
763	850
763	1107
763	1214
763	1308
763	1457
764	775
764	808
764	833
764	861
764	869
764	931
764	970
764	994
764	1011
764	1020
764	1026
764	1048
764	1088
764	1128
764	1150
764	1170
764	1174
764	1219
764	1230
764	1270
764	1276
764	1308
764	1329
764	1346
764	1397
764	1440
764	1455
764	1457
764	1467
764	1480
764	1502
767	1273
769	850
769	869
769	898
769	934
769	1069
769	1178
769	1210
769	1229
769	1238
769	1246
769	1288
769	1363
769	1369
769	1397
769	1467
769	1503
772	977
772	1348
773	775
773	852
773	994
775	790
775	798
775	861
775	872
775	891
775	897
775	898
775	925
775	930
775	934
775	946
775	951
775	953
775	954
775	967
775	970
775	980
775	993
775	1003
775	1011
775	1042
775	1073
775	1123
775	1125
775	1128
775	1149
775	1154
775	1157
775	1170
775	1174
775	1188
775	1201
775	1252
775	1262
775	1265
775	1298
775	1308
775	1313
775	1319
775	1328
775	1335
775	1353
775	1363
775	1365
775	1370
775	1397
775	1401
775	1402
775	1411
775	1416
775	1425
775	1455
775	1465
775	1479
775	1483
775	1490
776	795
776	955
776	992
776	1012
776	1014
776	1024
776	1086
776	1174
776	1221
776	1243
776	1269
776	1313
776	1483
778	1139
780	1088
780	1125
780	1346
780	1433
782	1072
792	809
792	875
792	990
792	1108
792	1346
792	1489
793	1389
795	1125
797	1299
798	850
798	960
798	1255
798	1308
798	1425
798	1502
799	822
799	864
799	888
799	955
799	980
799	1125
799	1174
799	1308
799	1326
799	1397
800	1011
800	1125
800	1238
800	1332
801	1303
802	1135
803	1235
804	1498
807	1275
808	823
808	1214
808	1230
809	813
809	823
809	855
809	861
809	864
809	869
809	891
809	897
809	898
809	925
809	932
809	934
809	946
809	980
809	990
809	1004
809	1026
809	1042
809	1076
809	1082
809	1087
809	1125
809	1153
809	1154
809	1210
809	1229
809	1238
809	1242
809	1252
809	1265
809	1288
809	1323
809	1397
809	1430
809	1433
809	1465
809	1467
809	1471
809	1503
811	850
811	1363
812	993
813	850
813	920
813	1088
813	1107
813	1308
815	1311
816	1125
816	1364
821	823
821	855
821	921
821	927
821	1048
821	1214
821	1346
821	1369
821	1397
821	1463
821	1465
821	1467
821	1471
822	823
822	850
822	864
822	960
822	1007
822	1080
822	1107
822	1125
822	1128
822	1283
822	1299
822	1308
822	1346
822	1353
822	1397
822	1433
822	1457
823	843
823	850
823	855
823	869
823	898
823	946
823	1006
823	1026
823	1107
823	1154
823	1219
823	1229
823	1238
823	1271
823	1288
823	1299
823	1308
823	1323
823	1346
823	1353
823	1369
823	1397
823	1433
823	1457
823	1467
826	1149
829	891
830	1174
833	850
833	887
833	1125
833	1260
833	1346
834	1188
835	944
837	1430
839	966
839	1125
839	1214
842	1011
842	1229
843	1467
845	865
845	1082
845	1283
846	1073
847	1035
848	918
850	855
850	864
850	867
850	869
850	891
850	896
850	898
850	925
850	932
850	935
850	946
850	947
850	949
850	967
850	980
850	1004
850	1026
850	1048
850	1061
850	1069
850	1082
850	1087
850	1153
850	1154
850	1157
850	1178
850	1210
850	1229
850	1230
850	1235
850	1238
850	1246
850	1252
850	1265
850	1288
850	1323
850	1334
850	1346
850	1363
850	1365
850	1369
850	1397
850	1426
850	1430
850	1455
850	1467
850	1471
850	1503
851	1112
852	994
854	905
855	869
855	895
855	946
855	1095
855	1107
855	1149
855	1193
855	1198
855	1219
855	1229
855	1271
855	1288
855	1308
855	1330
855	1333
855	1346
855	1353
855	1356
855	1369
855	1397
855	1403
855	1433
855	1457
855	1465
855	1467
855	1471
855	1502
861	884
861	1011
861	1026
861	1036
861	1088
861	1125
861	1153
861	1235
861	1236
861	1310
861	1322
861	1334
861	1335
861	1346
861	1347
861	1363
861	1410
861	1416
861	1433
861	1501
862	967
862	1039
862	1042
862	1048
862	1088
862	1121
862	1125
862	1128
862	1170
862	1252
862	1401
863	1458
864	1107
864	1125
864	1219
864	1308
864	1433
864	1457
864	1502
866	1221
867	869
867	1011
867	1048
867	1149
867	1235
867	1271
867	1308
867	1323
867	1330
867	1444
867	1457
869	1092
869	1107
869	1214
869	1271
869	1308
869	1330
869	1346
869	1369
869	1397
871	960
872	1107
872	1308
872	1457
875	1001
877	1423
879	1214
882	1021
882	1411
884	1026
884	1153
884	1214
884	1334
885	1235
885	1330
887	1131
888	1319
891	951
891	960
891	1011
891	1048
891	1088
891	1104
891	1107
891	1125
891	1271
891	1308
891	1330
891	1346
891	1399
891	1457
891	1502
894	967
896	1446
897	1257
898	1039
898	1080
898	1088
898	1107
898	1214
898	1219
898	1271
898	1299
898	1308
898	1330
898	1346
898	1353
898	1369
898	1433
898	1457
900	1125
900	1154
901	1069
902	931
902	1174
902	1346
905	1151
905	1183
906	1365
907	1069
909	1333
910	1452
910	1486
913	1490
915	1467
916	1333
918	1024
918	1039
918	1088
918	1107
918	1146
918	1219
923	944
924	975
925	1211
926	931
927	1230
930	1063
930	1125
930	1128
930	1170
931	1009
931	1125
931	1174
932	1107
932	1214
932	1219
932	1308
932	1433
932	1457
934	1088
934	1107
934	1271
934	1308
934	1457
934	1466
935	1038
939	1214
940	1311
941	1269
942	1229
943	1125
944	1165
944	1294
944	1297
944	1463
945	967
945	1483
946	972
946	1048
946	1080
946	1107
946	1219
946	1271
946	1288
946	1308
946	1333
946	1345
946	1346
946	1353
946	1397
946	1433
946	1457
946	1467
947	1287
947	1308
949	1107
949	1134
949	1219
949	1300
949	1308
949	1346
949	1415
950	1497
951	1024
951	1067
951	1099
951	1128
951	1161
951	1174
951	1231
951	1346
951	1365
951	1490
953	960
953	1048
953	1128
953	1170
953	1363
953	1387
955	1015
955	1125
955	1375
958	1483
959	1482
960	962
960	1128
960	1252
960	1490
961	967
961	1095
963	967
965	1125
967	1009
967	1039
967	1107
967	1128
967	1174
967	1209
967	1234
967	1370
967	1465
967	1484
968	1060
968	1128
970	1260
971	1069
972	1011
972	1070
972	1245
972	1346
977	1125
979	1288
980	1048
980	1107
980	1229
980	1271
980	1308
980	1333
980	1346
980	1363
980	1433
980	1457
980	1465
982	1189
983	1311
990	1004
990	1069
990	1154
990	1265
990	1288
990	1346
990	1369
990	1406
990	1467
990	1503
991	1214
991	1243
992	1125
993	1308
993	1363
994	1125
994	1271
996	1128
999	1047
1001	1219
1001	1308
1001	1322
1001	1330
1001	1455
1001	1502
1004	1107
1004	1308
1004	1432
1004	1447
1004	1457
1005	1136
1007	1397
1008	1363
1008	1490
1009	1042
1011	1048
1011	1097
1011	1100
1011	1125
1011	1128
1011	1139
1011	1229
1011	1230
1011	1235
1011	1241
1011	1252
1011	1296
1011	1304
1011	1322
1011	1333
1011	1334
1011	1346
1011	1397
1011	1439
1011	1463
1011	1467
1011	1490
1011	1502
1012	1125
1012	1221
1013	1301
1013	1401
1014	1102
1014	1125
1014	1306
1014	1437
1014	1446
1019	1133
1019	1421
1020	1042
1020	1125
1020	1396
1020	1433
1023	1074
1024	1064
1024	1110
1024	1125
1024	1128
1024	1332
1025	1151
1025	1361
1026	1088
1026	1107
1026	1134
1026	1153
1026	1159
1026	1214
1026	1299
1026	1308
1026	1330
1026	1335
1026	1353
1026	1358
1026	1381
1026	1416
1026	1443
1026	1457
1028	1455
1030	1197
1031	1167
1039	1048
1039	1086
1039	1087
1039	1153
1039	1210
1039	1241
1039	1252
1039	1288
1039	1332
1039	1465
1042	1088
1042	1095
1042	1107
1042	1125
1042	1236
1042	1346
1042	1392
1042	1446
1045	1153
1047	1074
1047	1174
1048	1088
1048	1107
1048	1125
1048	1219
1048	1252
1048	1271
1048	1288
1048	1346
1048	1401
1048	1433
1048	1464
1048	1465
1048	1486
1049	1374
1051	1314
1052	1153
1054	1144
1056	1465
1057	1160
1057	1503
1058	1182
1060	1238
1060	1391
1061	1308
1062	1086
1067	1087
1068	1142
1069	1088
1069	1397
1070	1214
1075	1305
1080	1087
1080	1154
1080	1157
1080	1229
1080	1238
1080	1246
1080	1288
1080	1333
1080	1369
1080	1397
1080	1467
1080	1478
1082	1088
1082	1283
1082	1502
1084	1333
1085	1202
1086	1219
1086	1334
1086	1416
1087	1088
1087	1107
1087	1156
1087	1198
1087	1219
1087	1308
1087	1330
1087	1346
1087	1433
1087	1457
1088	1125
1088	1153
1088	1210
1088	1229
1088	1235
1088	1238
1088	1252
1088	1269
1088	1306
1088	1365
1088	1465
1089	1214
1095	1303
1097	1107
1097	1353
1097	1433
1097	1457
1100	1363
1102	1446
1103	1322
1107	1154
1107	1174
1107	1178
1107	1210
1107	1229
1107	1230
1107	1238
1107	1245
1107	1246
1107	1252
1107	1265
1107	1288
1107	1299
1107	1308
1107	1323
1107	1330
1107	1332
1107	1333
1107	1346
1107	1363
1107	1365
1107	1369
1107	1397
1107	1401
1107	1465
1107	1467
1107	1471
1107	1482
1107	1503
1109	1238
1112	1223
1123	1457
1125	1128
1125	1139
1125	1154
1125	1179
1125	1207
1125	1210
1125	1236
1125	1252
1125	1265
1125	1274
1125	1303
1125	1306
1125	1313
1125	1323
1125	1328
1125	1335
1125	1346
1125	1363
1125	1365
1125	1368
1125	1370
1125	1378
1125	1386
1125	1396
1125	1397
1125	1401
1125	1407
1125	1416
1125	1425
1125	1428
1125	1430
1125	1446
1125	1465
1125	1471
1125	1483
1125	1490
1125	1496
1128	1154
1128	1170
1128	1174
1128	1188
1128	1219
1128	1235
1128	1296
1128	1313
1128	1402
1128	1463
1128	1490
1131	1336
1131	1419
1133	1408
1139	1253
1149	1154
1149	1308
1149	1322
1150	1308
1151	1361
1153	1214
1153	1308
1153	1334
1153	1335
1153	1346
1153	1457
1154	1198
1154	1308
1154	1346
1154	1388
1154	1433
1154	1457
1154	1465
1154	1502
1156	1330
1156	1369
1156	1433
1157	1198
1157	1265
1157	1308
1157	1330
1161	1277
1161	1501
1164	1391
1165	1297
1166	1332
1170	1258
1170	1402
1170	1486
1170	1490
1173	1250
1174	1236
1174	1248
1174	1387
1174	1457
1176	1329
1176	1503
1177	1253
1177	1478
1177	1503
1178	1214
1178	1219
1178	1308
1178	1346
1181	1221
1183	1230
1183	1472
1188	1221
1188	1286
1188	1293
1188	1313
1189	1395
1198	1210
1198	1229
1198	1238
1198	1288
1198	1369
1198	1467
1199	1365
1201	1502
1202	1435
1204	1430
1205	1471
1210	1219
1210	1346
1213	1486
1214	1229
1214	1235
1214	1246
1214	1262
1214	1263
1214	1265
1214	1287
1214	1288
1214	1323
1214	1326
1214	1333
1214	1335
1214	1382
1214	1395
1214	1426
1214	1435
1214	1455
1214	1467
1215	1223
1219	1230
1219	1252
1219	1288
1219	1308
1219	1323
1219	1333
1219	1369
1219	1397
1219	1416
1219	1467
1219	1471
1219	1503
1221	1238
1224	1309
1224	1340
1224	1405
1224	1414
1229	1271
1229	1299
1229	1308
1229	1346
1229	1369
1229	1433
1229	1439
1229	1457
1229	1471
1230	1308
1230	1346
1230	1356
1235	1322
1235	1408
1238	1285
1238	1299
1238	1308
1238	1333
1238	1346
1238	1397
1238	1433
1238	1457
1238	1465
1238	1476
1238	1502
1245	1308
1248	1332
1252	1322
1252	1346
1252	1363
1252	1399
1252	1502
1253	1503
1258	1482
1262	1350
1262	1363
1265	1271
1265	1308
1265	1330
1265	1346
1265	1433
1265	1457
1266	1468
1271	1288
1271	1299
1271	1308
1271	1332
1271	1365
1271	1369
1271	1397
1271	1465
1271	1467
1271	1471
1271	1482
1271	1503
1275	1433
1279	1430
1283	1448
1288	1299
1288	1308
1288	1346
1288	1433
1288	1457
1288	1502
1293	1313
1296	1427
1299	1308
1299	1369
1299	1433
1299	1457
1299	1467
1299	1471
1300	1482
1302	1425
1303	1332
1308	1323
1308	1332
1308	1346
1308	1369
1308	1394
1308	1397
1308	1433
1308	1457
1308	1465
1308	1467
1308	1471
1308	1482
1308	1490
1308	1503
1309	1405
1311	1430
1311	1502
1312	1394
1315	1346
1322	1346
1322	1489
1323	1333
1323	1397
1323	1433
1323	1465
1323	1467
1324	1468
1329	1332
1329	1430
1330	1333
1330	1397
1330	1426
1330	1455
1330	1467
1332	1346
1332	1397
1332	1418
1333	1373
1333	1407
1333	1496
1334	1416
1335	1346
1335	1445
1335	1498
1339	1340
1339	1405
1340	1405
1340	1414
1345	1475
1346	1353
1346	1365
1346	1369
1346	1391
1346	1397
1346	1401
1346	1406
1346	1433
1346	1440
1346	1455
1346	1457
1346	1465
1346	1467
1346	1471
1346	1503
1353	1457
1353	1465
1353	1467
1353	1471
1361	1446
1363	1397
1363	1457
1365	1411
1365	1457
1369	1397
1369	1433
1369	1457
1369	1467
1369	1482
1370	1498
1391	1502
1395	1463
1397	1433
1397	1457
1398	1471
1401	1450
1406	1457
1408	1455
1415	1455
1416	1448
1420	1465
1427	1490
1430	1433
1430	1440
1430	1455
1430	1457
1430	1481
1431	1434
1433	1440
1433	1457
1433	1465
1433	1467
1433	1471
1433	1503
1457	1465
1457	1467
1457	1471
1457	1503
1480	1496
1495	1503
