0	10968
1	11542
2	11540
3	11544
4	11548
5	18447
6	04996
7	04994
8	04470
9	04992
10	04991
11	04990
12	02102
13	02103
14	07460
15	02106
16	07467
17	04999
18	02105
19	06591
20	06592
21	06595
22	06594
23	06596
24	00852
25	00853
26	00850
27	00854
28	00855
29	04472
30	16253
31	16252
32	16257
33	16256
34	09322
35	16703
36	01455
37	01454
38	01457
39	01456
40	01451
41	12018
42	01453
43	01452
44	12014
45	01459
46	01458
47	12013
48	12012
49	17256
50	18517
51	19395
52	05736
53	05737
54	05730
55	05731
56	05732
57	05738
58	05739
59	02107
60	01024
61	01025
62	05228
63	05229
64	01020
65	01021
66	01022
67	03027
68	05222
69	05223
70	05221
71	01028
72	01029
73	03025
74	03023
75	03792
76	03793
77	13058
78	13059
79	18703
80	04998
81	04175
82	04177
83	04176
84	04171
85	04170
86	09901
87	17828
88	17824
89	17822
90	03772
91	03773
92	03770
93	03771
94	03776
95	03774
96	03775
97	03778
98	03779
99	02829
100	02828
101	02825
102	02824
103	02827
104	02826
105	07673
106	02820
107	02823
108	02822
109	00085
110	00084
111	00087
112	00081
113	00080
114	00082
115	01850
116	15285
117	15284
118	15286
119	15280
120	15282
121	03196
122	03197
123	03194
124	01852
125	03192
126	03193
127	03190
128	03199
129	01857
130	01856
131	10884
132	06108
133	06109
134	06107
135	06104
136	06105
137	06102
138	06103
139	06100
140	06101
141	01595
142	01596
143	01590
144	01591
145	01592
146	01593
147	01598
148	01599
149	01849
150	01842
151	01843
152	01840
153	01841
154	01846
155	01847
156	01844
157	01845
158	04611
159	11289
160	16065
161	16063
162	16069
163	17621
164	17624
165	17629
166	04474
167	11755
168	11752
169	10467
170	11759
171	16390
172	16397
173	16399
174	00647
175	00646
176	00645
177	00644
178	00643
179	00641
180	04615
181	05039
182	05038
183	05037
184	04618
185	04619
186	09598
187	04348
188	04349
189	04346
190	04347
191	04612
192	09225
193	09222
194	04343
195	04340
196	04617
197	00509
198	10393
199	10395
200	10397
201	00500
202	00501
203	00502
204	00503
205	00504
206	00506
207	00507
208	12225
209	12220
210	12221
211	16709
212	12228
213	09048
214	09049
215	09042
216	09043
217	09040
218	09041
219	09047
220	09044
221	09045
222	10578
223	10579
224	10574
225	10575
226	05693
227	18935
228	05691
229	05690
230	05695
231	05694
232	05699
233	03699
234	03349
235	06336
236	03691
237	03690
238	03341
239	03340
240	03347
241	03694
242	03345
243	03344
244	05968
245	05961
246	05965
247	05964
248	05967
249	05966
250	01279
251	01278
252	01271
253	01270
254	01273
255	01272
256	01275
257	01274
258	01277
259	01276
260	03527
261	03525
262	03523
263	03522
264	08312
265	12011
266	08318
267	03529
268	06338
269	07992
270	11111
271	07998
272	16383
273	16382
274	13848
275	16389
276	07198
277	07190
278	07191
279	07196
280	07197
281	07194
282	07195
283	06827
284	06829
285	06828
286	07440
287	07441
288	02122
289	02125
290	02127
291	11560
292	02129
293	11564
294	07338
295	07339
296	04979
297	04978
298	04975
299	04974
300	04977
301	04976
302	04971
303	04973
304	04972
305	00877
306	07513
307	05187
308	16239
309	16238
310	16728
311	16233
312	16232
313	16727
314	16234
315	16725
316	16724
317	01473
318	01472
319	01471
320	01470
321	01477
322	01476
323	01475
324	01474
325	12033
326	12032
327	01479
328	12030
329	12036
330	12035
331	12034
332	03612
333	00492
334	09644
335	02047
336	09278
337	02045
338	09645
339	05752
340	05201
341	05750
342	05203
343	05204
344	05755
345	05208
346	05758
347	05759
348	01043
349	01040
350	01041
351	01046
352	01047
353	01044
354	01045
355	01048
356	01049
357	09698
358	09697
359	09696
360	09693
361	09691
362	09690
363	07569
364	14864
365	14647
366	13070
367	13079
368	02461
369	02463
370	02469
371	18095
372	03123
373	04150
374	04409
375	04408
376	04155
377	03122
378	04405
379	04404
380	04159
381	04158
382	04401
383	03121
384	04402
385	10184
386	10181
387	00318
388	10182
389	03435
390	10188
391	00313
392	00312
393	03758
394	04355
395	03125
396	04354
397	03750
398	03751
399	03752
400	03436
401	03754
402	03755
403	03756
404	03757
405	02809
406	02808
407	02803
408	09231
409	02801
410	02800
411	02807
412	02806
413	02805
414	02804
415	09233
416	15115
417	15117
418	15111
419	15110
420	15112
421	01026
422	10381
423	00518
424	05226
425	05227
426	00510
427	06124
428	06125
429	06120
430	06122
431	06123
432	06129
433	01860
434	01861
435	01862
436	01863
437	01864
438	01865
439	01866
440	01867
441	01868
442	01869
443	13671
444	13676
445	16002
446	16000
447	16001
448	09005
449	16004
450	16008
451	16009
452	17602
453	17352
454	05341
455	03156
456	15435
457	03933
458	05343
459	02256
460	15717
461	16117
462	15864
463	02784
464	02785
465	02786
466	02780
467	10378
468	02783
469	10376
470	10377
471	10374
472	02788
473	02789
474	10370
475	10371
476	16917
477	04573
478	18026
479	12209
480	12205
481	12203
482	10518
483	10519
484	10513
485	10516
486	10517
487	10514
488	09205
489	04366
490	09207
491	04360
492	09201
493	04362
494	01781
495	01780
496	01782
497	01785
498	01784
499	01787
500	01786
501	03321
502	03320
503	03323
504	03322
505	03324
506	03327
507	03326
508	03329
509	03328
510	05947
511	05414
512	05945
513	05416
514	05411
515	05410
516	05413
517	05412
518	05419
519	05418
520	05949
521	01256
522	01252
523	01251
524	01250
525	01259
526	01258
527	04092
528	04093
529	09062
530	09063
531	04097
532	09066
533	09067
534	09068
535	04099
536	08332
537	08335
538	08334
539	08339
540	08338
541	14325
542	14326
543	11133
544	11132
545	18371
546	17984
547	17985
548	17986
549	16529
550	08540
551	13869
552	01537
553	13861
554	01659
555	06211
556	07401
557	00126
558	00127
559	00124
560	00125
561	00122
562	00123
563	00120
564	06805
565	06802
566	00128
567	00129
568	01538
569	07315
570	07316
571	01967
572	15326
573	15327
574	15324
575	12443
576	04953
577	04952
578	04951
579	04950
580	04956
581	04955
582	04954
583	09589
584	09905
585	04337
586	09903
587	10692
588	16740
589	16215
590	16212
591	16749
592	16748
593	04172
594	19248
595	12051
596	12050
597	12053
598	12052
599	12055
600	12054
601	12056
602	01419
603	01418
604	01411
605	01410
606	06373
607	01412
608	06375
609	01414
610	01417
611	06376
612	05778
613	05771
614	05772
615	05775
616	05776
617	05777
618	01069
619	17165
620	17160
621	01060
622	01061
623	01062
624	01063
625	01064
626	01065
627	01066
628	05094
629	05097
630	14849
631	14847
632	11832
633	14841
634	11830
635	11831
636	01658
637	06468
638	13096
639	02441
640	02440
641	02444
642	02449
643	01657
644	04139
645	06392
646	04423
647	04130
648	04133
649	04132
650	04426
651	04424
652	00339
653	00333
654	00330
655	00337
656	00335
657	03818
658	07674
659	15139
660	15132
661	15137
662	15136
663	15134
664	05142
665	05327
666	05326
667	10141
668	12878
669	05324
670	05895
671	05894
672	05321
673	02861
674	02860
675	02863
676	02862
677	07813
678	02864
679	02867
680	04237
681	02869
682	04234
683	04543
684	06145
685	04544
686	06149
687	04545
688	09643
689	01888
690	01889
691	01884
692	01885
693	01882
694	01883
695	01880
696	01881
697	13650
698	13657
699	07764
700	07761
701	07760
702	16028
703	16029
704	16020
705	16021
706	16022
707	16025
708	16026
709	16027
710	00939
711	00938
712	00935
713	00934
714	00937
715	00936
716	00930
717	00933
718	00932
719	11793
720	11792
721	11791
722	11797
723	11794
724	02274
725	02275
726	00688
727	02272
728	02273
729	00683
730	00682
731	00680
732	00687
733	00684
734	16682
735	16683
736	10354
737	10350
738	00239
739	10352
740	10358
741	10684
742	11931
743	17086
744	12260
745	10530
746	10531
747	10532
748	10534
749	10535
750	10536
751	10537
752	10539
753	18973
754	18975
755	03905
756	03904
757	09260
758	04301
759	03901
760	04307
761	04304
762	04305
763	09268
764	04309
765	03909
766	03908
767	08687
768	03658
769	03309
770	03655
771	03654
772	03657
773	08688
774	03302
775	03301
776	03300
777	05433
778	05431
779	05430
780	05437
781	05436
782	05434
783	05438
784	13135
785	13133
786	09089
787	09086
788	09087
789	09084
790	11435
791	09082
792	09083
793	09081
794	00598
795	08350
796	08353
797	08352
798	08354
799	08356
800	14305
801	17456
802	18350
803	09886
804	09887
805	09881
806	17962
807	09888
808	09889
809	16721
810	07152
811	07151
812	00104
813	00105
814	00106
815	00107
816	00100
817	00101
818	00102
819	00103
820	07485
821	04931
822	04933
823	04932
824	04935
825	04937
826	04936
827	04939
828	07373
829	07370
830	15306
831	15307
832	12460
833	12462
834	00708
835	00709
836	07457
837	07324
838	06681
839	06680
840	06685
841	02135
842	06687
843	02132
844	10882
845	16765
846	07450
847	06425
848	06356
849	01435
850	06354
851	06353
852	06420
853	06423
854	12078
855	12075
856	00705
857	06429
858	12072
859	01439
860	12070
861	08442
862	07028
863	11476
864	11477
865	11474
866	11473
867	11478
868	11479
869	17149
870	17144
871	17145
872	17147
873	00746
874	00747
875	00744
876	00745
877	00743
878	00741
879	13305
880	15991
881	01806
882	14822
883	14856
884	02429
885	02421
886	02420
887	02423
888	02422
889	02425
890	02426
891	04117
892	04116
893	09747
894	04114
895	04113
896	09740
897	04447
898	04446
899	04449
900	04448
901	09749
902	04119
903	04118
904	00351
905	00350
906	00353
907	00352
908	00355
909	00354
910	00357
911	00359
912	00358
913	11816
914	11817
915	11813
916	11818
917	15150
918	15155
919	15154
920	15157
921	15156
922	15158
923	09564
924	03466
925	03465
926	03462
927	03463
928	03460
929	03461
930	05288
931	02849
932	02847
933	02846
934	02845
935	02843
936	02842
937	02841
938	06160
939	06161
940	06163
941	06164
942	06167
943	07740
944	07746
945	11266
946	00919
947	00918
948	00913
949	00912
950	00911
951	00917
952	00916
953	00915
954	00914
955	11284
956	10108
957	17425
958	02211
959	02216
960	02217
961	02219
962	10106
963	10332
964	10339
965	16406
966	16405
967	16401
968	16408
969	12241
970	12243
971	12248
972	05638
973	16244
974	05181
975	05639
976	05186
977	05185
978	05184
979	05189
980	05188
981	05631
982	05633
983	05632
984	01745
985	01744
986	01746
987	01741
988	01740
989	01743
990	01742
991	04328
992	03922
993	03921
994	03920
995	03927
996	03926
997	09538
998	09539
999	04320
1000	09241
1001	09242
1002	09535
1003	09532
1004	04325
1005	09246
1006	09247
1007	03678
1008	03672
1009	03671
1010	03670
1011	03677
1012	06324
1013	03675
1014	03674
1015	05459
1016	05458
1017	05982
1018	09316
1019	05452
1020	05455
1021	05986
1022	05457
1023	05456
1024	01299
1025	01298
1026	06320
1027	01292
1028	01291
1029	01290
1030	01297
1031	01296
1032	01294
1033	13112
1034	13117
1035	13116
1036	14368
1037	18338
1038	18339
1039	06328
1040	14361
1041	14360
1042	05637
1043	18331
1044	18336
1045	18337
1046	18334
1047	14366
1048	04588
1049	04589
1050	04584
1051	04585
1052	04586
1053	04587
1054	04580
1055	04581
1056	04582
1057	04583
1058	09315
1059	07174
1060	07175
1061	07177
1062	07170
1063	07171
1064	07172
1065	07178
1066	07179
1067	02988
1068	02989
1069	02982
1070	02983
1071	02980
1072	02981
1073	02986
1074	02987
1075	02985
1076	03580
1077	08375
1078	08374
1079	03585
1080	03584
1081	03587
1082	03586
1083	03589
1084	00163
1085	00161
1086	00166
1087	00167
1088	08379
1089	00165
1090	02183
1091	07352
1092	07353
1093	02186
1094	02187
1095	07356
1096	02185
1097	02189
1098	04914
1099	04913
1100	04912
1101	04911
1102	04910
1103	09311
1104	12404
1105	01987
1106	01986
1107	01985
1108	01984
1109	01983
1110	01982
1111	01980
1112	01989
1113	01988
1114	06403
1115	06401
1116	06400
1117	06407
1118	06404
1119	03602
1120	13751
1121	13759
1122	02606
1123	02603
1124	03605
1125	11499
1126	07572
1127	11459
1128	07574
1129	11451
1130	11452
1131	11453
1132	17434
1133	17439
1134	13321
1135	13323
1136	17126
1137	00764
1138	00765
1139	00766
1140	00760
1141	00761
1142	00763
1143	07127
1144	07125
1145	09187
1146	09185
1147	09184
1148	09183
1149	09182
1150	09181
1151	07123
1152	09189
1153	09188
1154	09259
1155	07120
1156	02407
1157	02406
1158	02405
1159	02404
1160	02401
1161	02400
1162	04731
1163	02409
1164	09523
1165	09763
1166	09762
1167	04469
1168	04468
1169	09985
1170	09768
1171	04463
1172	09982
1173	04460
1174	05742
1175	10470
1176	00379
1177	10472
1178	00377
1179	00374
1180	00373
1181	10478
1182	00370
1183	08589
1184	05747
1185	09256
1186	08584
1187	11872
1188	04610
1189	11870
1190	14803
1191	11876
1192	11874
1193	11875
1194	11878
1195	11879
1196	18523
1197	18522
1198	18521
1199	18520
1200	04614
1201	15175
1202	15173
1203	15171
1204	09223
1205	04616
1206	05846
1207	04538
1208	05845
1209	05843
1210	05841
1211	05849
1212	01177
1213	01173
1214	10398
1215	03449
1216	10399
1217	03444
1218	03445
1219	03114
1220	03447
1221	03112
1222	03113
1223	03110
1224	03111
1225	09252
1226	13926
1227	13925
1228	09173
1229	13920
1230	09250
1231	11865
1232	13692
1233	13698
1234	19072
1235	07728
1236	07720
1237	00970
1238	00972
1239	00975
1240	00974
1241	00977
1242	00976
1243	00979
1244	06190
1245	08010
1246	09358
1247	09234
1248	02235
1249	02236
1250	10917
1251	10911
1252	09237
1253	10918
1254	10919
1255	10319
1256	10647
1257	10312
1258	10313
1259	10643
1260	10641
1261	16425
1262	16426
1263	16427
1264	16420
1265	16421
1266	05619
1267	05618
1268	05610
1269	05616
1270	05615
1271	09515
1272	01769
1273	01768
1274	09510
1275	09511
1276	01763
1277	01762
1278	01761
1279	01767
1280	01766
1281	01765
1282	01764
1283	03949
1284	03948
1285	03940
1286	03943
1287	03942
1288	03945
1289	03944
1290	03947
1291	03946
1292	05475
1293	05474
1294	05473
1295	05472
1296	05470
1297	05479
1298	11999
1299	11998
1300	11994
1301	11997
1302	11996
1303	13173
1304	13174
1305	18310
1306	14346
1307	18313
1308	18314
1309	14341
1310	14349
1311	17921
1312	03611
1313	03610
1314	03613
1315	00499
1316	03615
1317	03614
1318	08177
1319	03616
1320	03619
1321	00496
1322	00497
1323	00494
1324	00495
1325	06222
1326	04704
1327	11673
1328	04702
1329	04703
1330	04700
1331	04708
1332	01506
1333	00140
1334	00141
1335	06225
1336	00146
1337	00147
1338	15691
1339	08391
1340	06229
1341	09404
1342	06228
1343	06659
1344	12420
1345	12422
1346	15343
1347	15433
1348	19198
1349	01969
1350	01968
1351	01965
1352	01964
1353	06647
1354	01966
1355	01961
1356	06640
1357	01963
1358	08822
1359	08827
1360	08826
1361	08824
1362	08829
1363	03348
1364	03343
1365	03342
1366	06460
1367	06391
1368	06465
1369	03693
1370	06467
1371	06394
1372	13777
1373	13775
1374	03695
1375	03346
1376	03697
1377	03696
1378	01645
1379	05088
1380	11439
1381	11433
1382	11431
1383	11436
1384	11434
1385	01641
1386	17104
1387	13340
1388	13341
1389	13347
1390	13348
1391	02395
1392	02394
1393	02393
1394	02392
1395	02391
1396	02390
1397	00703
1398	00701
1399	00706
1400	00707
1401	02399
1402	02398
1403	09169
1404	09168
1405	09165
1406	09167
1407	09161
1408	09160
1409	09163
1410	09162
1411	16855
1412	16856
1413	16850
1414	16852
1415	12165
1416	05289
1417	12167
1418	12163
1419	12162
1420	05280
1421	05281
1422	05282
1423	05283
1424	05284
1425	05286
1426	05287
1427	09701
1428	09702
1429	09705
1430	09704
1431	09706
1432	10453
1433	10109
1434	10456
1435	10104
1436	10458
1437	10103
1438	10102
1439	03520
1440	11858
1441	11859
1442	11855
1443	07663
1444	07664
1445	07841
1446	05868
1447	05869
1448	05866
1449	05860
1450	05861
1451	01158
1452	01159
1453	01154
1454	01155
1455	01156
1456	01157
1457	01150
1458	01151
1459	01152
1460	03134
1461	03135
1462	03136
1463	03137
1464	03130
1465	03131
1466	03132
1467	03133
1468	03139
1469	03428
1470	03429
1471	03422
1472	03423
1473	03420
1474	03421
1475	03426
1476	03427
1477	03424
1478	14759
1479	09631
1480	09630
1481	09633
1482	04200
1483	13902
1484	09327
1485	09634
1486	18105
1487	18100
1488	18103
1489	09337
1490	07255
1491	07254
1492	07257
1493	11225
1494	07259
1495	07258
1496	00959
1497	00958
1498	00957
1499	00956
1500	00955
1501	00953
1502	00950
1503	16199
1504	16194
1505	16195
1506	16191
1507	06075
1508	06072
1509	06073
1510	06070
1511	06071
1512	06079
1513	10934
1514	10936
1515	10937
1516	10932
1517	16991
1518	12280
1519	12282
1520	12283
1521	16442
1522	16446
1523	12289
1524	16445
1525	12328
1526	15653
1527	05671
1528	05670
1529	05673
1530	05672
1531	05675
1532	05674
1533	05677
1534	05679
1535	01701
1536	12824
1537	01703
1538	01702
1539	01705
1540	01704
1541	01706
1542	01709
1543	01708
1544	03967
1545	09573
1546	03965
1547	09571
1548	09576
1549	03962
1550	03961
1551	03960
1552	09578
1553	09579
1554	03969
1555	03968
1556	10665
1557	10660
1558	10661
1559	10662
1560	18482
1561	05498
1562	05495
1563	05494
1564	05497
1565	05496
1566	05491
1567	05490
1568	05493
1569	13157
1570	13151
1571	10593
1572	10591
1573	10594
1574	10598
1575	10599
1576	09396
1577	09394
1578	09398
1579	17907
1580	02616
1581	02617
1582	02614
1583	02615
1584	02612
1585	02613
1586	02610
1587	03638
1588	03637
1589	08624
1590	03634
1591	03633
1592	03632
1593	02618
1594	02619
1595	02948
1596	02949
1597	02944
1598	02942
1599	07135
1600	02940
1601	02941
1602	12994
1603	12996
1604	04725
1605	04726
1606	17460
1607	04720
1608	04721
1609	04722
1610	04723
1611	00736
1612	09988
1613	01553
1614	15417
1615	03093
1616	03092
1617	03091
1618	03090
1619	03096
1620	03095
1621	03094
1622	03098
1623	13371
1624	01949
1625	01948
1626	06663
1627	06662
1628	06660
1629	01947
1630	06666
1631	06665
1632	01944
1633	08849
1634	08848
1635	02121
1636	08842
1637	08845
1638	07334
1639	07394
1640	07395
1641	07396
1642	07445
1643	01491
1644	01490
1645	06445
1646	01492
1647	01495
1648	01494
1649	06441
1650	06440
1651	01499
1652	01498
1653	06919
1654	06449
1655	06448
1656	02136
1657	13717
1658	04063
1659	11415
1660	11418
1661	06454
1662	16299
1663	16297
1664	16296
1665	16293
1666	16292
1667	16291
1668	15791
1669	06455
1670	17476
1671	17477
1672	00720
1673	00721
1674	00724
1675	00727
1676	00728
1677	02379
1678	02378
1679	02375
1680	02374
1681	02377
1682	02371
1683	02370
1684	02373
1685	02372
1686	09499
1687	09498
1688	09149
1689	09143
1690	09490
1691	09141
1692	09140
1693	09147
1694	09146
1695	09145
1696	09144
1697	16870
1698	12143
1699	12140
1700	12147
1701	12146
1702	12145
1703	12144
1704	10439
1705	10122
1706	10433
1707	10127
1708	10434
1709	10436
1710	03966
1711	09570
1712	03964
1713	01878
1714	09577
1715	05808
1716	05809
1717	05802
1718	05803
1719	05800
1720	05801
1721	05804
1722	09726
1723	01138
1724	01139
1725	09723
1726	09722
1727	09720
1728	01132
1729	01133
1730	01131
1731	01137
1732	01135
1733	03400
1734	08457
1735	08454
1736	03151
1737	03404
1738	03154
1739	03155
1740	03409
1741	03158
1742	18295
1743	18296
1744	18291
1745	18290
1746	18293
1747	18292
1748	14738
1749	07899
1750	07895
1751	07892
1752	12171
1753	18121
1754	18127
1755	18125
1756	18124
1757	18128
1758	00267
1759	00266
1760	00261
1761	00260
1762	09861
1763	00268
1764	07273
1765	07270
1766	07277
1767	07275
1768	18485
1769	16013
1770	09863
1771	11292
1772	14550
1773	16602
1774	12779
1775	06059
1776	15976
1777	17635
1778	06050
1779	06051
1780	06052
1781	10952
1782	10953
1783	10955
1784	16460
1785	16461
1786	16463
1787	16466
1788	16467
1789	16468
1790	16469
1791	12507
1792	01436
1793	05129
1794	05128
1795	05659
1796	05658
1797	05657
1798	05124
1799	05655
1800	05126
1801	05653
1802	05652
1803	05651
1804	05650
1805	01729
1806	01728
1807	01727
1808	01726
1809	01725
1810	01724
1811	01722
1812	01721
1813	01720
1814	03989
1815	03988
1816	03984
1817	09552
1818	09553
1819	03981
1820	03980
1821	09556
1822	01434
1823	11607
1824	11606
1825	11601
1826	10608
1827	11609
1828	11608
1829	14129
1830	06312
1831	06311
1832	12038
1833	06317
1834	06832
1835	06316
1836	06315
1837	02586
1838	02585
1839	02582
1840	02583
1841	02588
1842	14383
1843	14382
1844	14381
1845	14380
1846	14387
1847	14384
1848	09808
1849	04526
1850	04295
1851	04296
1852	04297
1853	09802
1854	04291
1855	04292
1856	04521
1857	00458
1858	00459
1859	00456
1860	00457
1861	00454
1862	00455
1863	00452
1864	00453
1865	00450
1866	00451
1867	02638
1868	02635
1869	02636
1870	02637
1871	02630
1872	02632
1873	00184
1874	00185
1875	04748
1876	00187
1877	00180
1878	00181
1879	00182
1880	00183
1881	04742
1882	04743
1883	15652
1884	04747
1885	15650
1886	04745
1887	19120
1888	15383
1889	15478
1890	15479
1891	15471
1892	15476
1893	07379
1894	02964
1895	02965
1896	02966
1897	02960
1898	02962
1899	02963
1900	02968
1901	02969
1902	01921
1903	01925
1904	01927
1905	06606
1906	06609
1907	01928
1908	03215
1909	03217
1910	08864
1911	08863
1912	03210
1913	03213
1914	08860
1915	03219
1916	08869
1917	08868
1918	06932
1919	06934
1920	11381
1921	11382
1922	11384
1923	11385
1924	11386
1925	11387
1926	11388
1927	19403
1928	03639
1929	07517
1930	07514
1931	02032
1932	02033
1933	02030
1934	07511
1935	07518
1936	07519
1937	03631
1938	03141
1939	08444
1940	03143
1941	03413
1942	03412
1943	02359
1944	02358
1945	03411
1946	02353
1947	02350
1948	02357
1949	02356
1950	02355
1951	02354
1952	00704
1953	12527
1954	02943
1955	15206
1956	07136
1957	12520
1958	12129
1959	12128
1960	12120
1961	12123
1962	12127
1963	12126
1964	10417
1965	10416
1966	10143
1967	10142
1968	10145
1969	10412
1970	10411
1971	10410
1972	10419
1973	10418
1974	04378
1975	09121
1976	09120
1977	09123
1978	09122
1979	09124
1980	09126
1981	09128
1982	04370
1983	05357
1984	05823
1985	05352
1986	05353
1987	05826
1988	05828
1989	05829
1990	05358
1991	05359
1992	01112
1993	01113
1994	01114
1995	01118
1996	01119
1997	04199
1998	04197
1999	04195
2000	04193
2001	04191
2002	04190
2003	03179
2004	08479
2005	03170
2006	03171
2007	08476
2008	08471
2009	08472
2010	14244
2011	14242
2012	14249
2013	13941
2014	07078
2015	07074
2016	07077
2017	18147
2018	18146
2019	00242
2020	00241
2021	00240
2022	00246
2023	00244
2024	07219
2025	07218
2026	07211
2027	07210
2028	07214
2029	07216
2030	10764
2031	12669
2032	16669
2033	12714
2034	10971
2035	06038
2036	06039
2037	10978
2038	06033
2039	06030
2040	06031
2041	16488
2042	16489
2043	16486
2044	16484
2045	16485
2046	16483
2047	16481
2048	11599
2049	05108
2050	05103
2051	05102
2052	05100
2053	05107
2054	05105
2055	05104
2056	17283
2057	17287
2058	17535
2059	00885
2060	00884
2061	00887
2062	00886
2063	00880
2064	00883
2065	00889
2066	00888
2067	11620
2068	11626
2069	10621
2070	11628
2071	10626
2072	10627
2073	11979
2074	11978
2075	11973
2076	11971
2077	11975
2078	07662
2079	04505
2080	04506
2081	04500
2082	09822
2083	04508
2084	04509
2085	00474
2086	00475
2087	00476
2088	00470
2089	00471
2090	00472
2091	00479
2092	08663
2093	08662
2094	10084
2095	08668
2096	10082
2097	02658
2098	02659
2099	02652
2100	02653
2101	02650
2102	02657
2103	02655
2104	04760
2105	04761
2106	04762
2107	04763
2108	15670
2109	04767
2110	04768
2111	04769
2112	15679
2113	06238
2114	06669
2115	01514
2116	06235
2117	01516
2118	12483
2119	12480
2120	15905
2121	15455
2122	12485
2123	15459
2124	01943
2125	01512
2126	01513
2127	01940
2128	01305
2129	01304
2130	02900
2131	01306
2132	01301
2133	01300
2134	01303
2135	01302
2136	02908
2137	02909
2138	01309
2139	01308
2140	01909
2141	01908
2142	01907
2143	01906
2144	01905
2145	01904
2146	01903
2147	06622
2148	01901
2149	01900
2150	03233
2151	03232
2152	03231
2153	03230
2154	08889
2155	08888
2156	03234
2157	03239
2158	08881
2159	08880
2160	08882
2161	11021
2162	11020
2163	11029
2164	04157
2165	04156
2166	06489
2167	06482
2168	06484
2169	04407
2170	07686
2171	07687
2172	07685
2173	11369
2174	11366
2175	11362
2176	11363
2177	04400
2178	03685
2179	00319
2180	02018
2181	07539
2182	02014
2183	02015
2184	02016
2185	07531
2186	02012
2187	04889
2188	04888
2189	00314
2190	04881
2191	04883
2192	04882
2193	04885
2194	04884
2195	04887
2196	04886
2197	06447
2198	01493
2199	00310
2200	02331
2201	02333
2202	02332
2203	02335
2204	02334
2205	02339
2206	06443
2207	06442
2208	04081
2209	01497
2210	09076
2211	01496
2212	04083
2213	01269
2214	04085
2215	03857
2216	04087
2217	16345
2218	04089
2219	16834
2220	16833
2221	02489
2222	01263
2223	02487
2224	02486
2225	02484
2226	02483
2227	02482
2228	02481
2229	09407
2230	12107
2231	12106
2232	12105
2233	12103
2234	12102
2235	12100
2236	09405
2237	12108
2238	09079
2239	10169
2240	10168
2241	10166
2242	10165
2243	10163
2244	10161
2245	10160
2246	05593
2247	05594
2248	16798
2249	05599
2250	01680
2251	01681
2252	01682
2253	01683
2254	01684
2255	01685
2256	01686
2257	01687
2258	03826
2259	03825
2260	03822
2261	03823
2262	03820
2263	09108
2264	09455
2265	09105
2266	09456
2267	09103
2268	09450
2269	09101
2270	09452
2271	05378
2272	05374
2273	05375
2274	05376
2275	05377
2276	05370
2277	05372
2278	05373
2279	13276
2280	13275
2281	13270
2282	13278
2283	13279
2284	08412
2285	08413
2286	08415
2287	18167
2288	18164
2289	18162
2290	18161
2291	18160
2292	18169
2293	10404
2294	07053
2295	07056
2296	07055
2297	00223
2298	00222
2299	00224
2300	00227
2301	00226
2302	07237
2303	07236
2304	07233
2305	01189
2306	07231
2307	07949
2308	10021
2309	16136
2310	16642
2311	16135
2312	19341
2313	16646
2314	06011
2315	06013
2316	06014
2317	06015
2318	06017
2319	06019
2320	12734
2321	10996
2322	10995
2323	02171
2324	07122
2325	01517
2326	11649
2327	18206
2328	11641
2329	11642
2330	11645
2331	11644
2332	11647
2333	05163
2334	05167
2335	05168
2336	04562
2337	09667
2338	04560
2339	04561
2340	04566
2341	04567
2342	09660
2343	09661
2344	04568
2345	04569
2346	09669
2347	00412
2348	00410
2349	00411
2350	00416
2351	00415
2352	00418
2353	02670
2354	02671
2355	02673
2356	02674
2357	02675
2358	02676
2359	02677
2360	02678
2361	02679
2362	06830
2363	03195
2364	11915
2365	02179
2366	04788
2367	04789
2368	04786
2369	04787
2370	04784
2371	04785
2372	04782
2373	04781
2374	10206
2375	10204
2376	10205
2377	10202
2378	10201
2379	10209
2380	05785
2381	05781
2382	05780
2383	05782
2384	05788
2385	01095
2386	01097
2387	01096
2388	01091
2389	01090
2390	01092
2391	01099
2392	01098
2393	15928
2394	15929
2395	15924
2396	15925
2397	15926
2398	15920
2399	15921
2400	15922
2401	15923
2402	03783
2403	03782
2404	03781
2405	03780
2406	03039
2407	03038
2408	03784
2409	03035
2410	03034
2411	03036
2412	03031
2413	03030
2414	03032
2415	01323
2416	02929
2417	01320
2418	01326
2419	01325
2420	01324
2421	02920
2422	02921
2423	01329
2424	01328
2425	02924
2426	02925
2427	02926
2428	09332
2429	03258
2430	03251
2431	03253
2432	03252
2433	03255
2434	03254
2435	03257
2436	03256
2437	11003
2438	11002
2439	11001
2440	14526
2441	11005
2442	08201
2443	11346
2444	08570
2445	02078
2446	02079
2447	15333
2448	02072
2449	02073
2450	02070
2451	02071
2452	07556
2453	02077
2454	02074
2455	06977
2456	06976
2457	06975
2458	06973
2459	06972
2460	06970
2461	06978
2462	00782
2463	00783
2464	00786
2465	00787
2466	00784
2467	00785
2468	04962
2469	00788
2470	04963
2471	02319
2472	02316
2473	02314
2474	02313
2475	02312
2476	02311
2477	12694
2478	08753
2479	10835
2480	10837
2481	10836
2482	10831
2483	10830
2484	10839
2485	16363
2486	16362
2487	16361
2488	16360
2489	16367
2490	16364
2491	16369
2492	16368
2493	01525
2494	01524
2495	06207
2496	06206
2497	01521
2498	01522
2499	01529
2500	17180
2501	05578
2502	05579
2503	05576
2504	05577
2505	05572
2506	05570
2507	01668
2508	01666
2509	01662
2510	01663
2511	01660
2512	03808
2513	03809
2514	03804
2515	03805
2516	09471
2517	09470
2518	03800
2519	03801
2520	03802
2521	03803
2522	05310
2523	14062
2524	05317
2525	05314
2526	09783
2527	09785
2528	09787
2529	09547
2530	13258
2531	13259
2532	03979
2533	13254
2534	13255
2535	13256
2536	13251
2537	18980
2538	08257
2539	07030
2540	07034
2541	07037
2542	07036
2543	07039
2544	07038
2545	04045
2546	04044
2547	04047
2548	04046
2549	04041
2550	04043
2551	04042
2552	04048
2553	00207
2554	00206
2555	00204
2556	00203
2557	00202
2558	00209
2559	00208
2560	08432
2561	18025
2562	08436
2563	18022
2564	07966
2565	07784
2566	15555
2567	15550
2568	00233
2569	06780
2570	06781
2571	06782
2572	06783
2573	06784
2574	06785
2575	06786
2576	06787
2577	06788
2578	06789
2579	08926
2580	08927
2581	08924
2582	08925
2583	08922
2584	08923
2585	08920
2586	08921
2587	08928
2588	08929
2589	19326
2590	06569
2591	10121
2592	13894
2593	13892
2594	01813
2595	16115
2596	16116
2597	12027
2598	16111
2599	16112
2600	16118
2601	17575
2602	17577
2603	17576
2604	17579
2605	12028
2606	12029
2607	01464
2608	05149
2609	05147
2610	05146
2611	05145
2612	05144
2613	05143
2614	01466
2615	05141
2616	05140
2617	09869
2618	09648
2619	09318
2620	04239
2621	04540
2622	04541
2623	04542
2624	04235
2625	04232
2626	09641
2627	09310
2628	04547
2629	00438
2630	01462
2631	00430
2632	00435
2633	00437
2634	02698
2635	02699
2636	02696
2637	02694
2638	02692
2639	02693
2640	02690
2641	11305
2642	12317
2643	12314
2644	11939
2645	11938
2646	11937
2647	11936
2648	11934
2649	11933
2650	12318
2651	15638
2652	15630
2653	10228
2654	10224
2655	10225
2656	10227
2657	09818
2658	15948
2659	15949
2660	15942
2661	15943
2662	15946
2663	15947
2664	15945
2665	03019
2666	03013
2667	03012
2668	03011
2669	03010
2670	03017
2671	03016
2672	03015
2673	03014
2674	04536
2675	09811
2676	01348
2677	01341
2678	01343
2679	01342
2680	01345
2681	01344
2682	01347
2683	01346
2684	03276
2685	03274
2686	03273
2687	03270
2688	03279
2689	11069
2690	14548
2691	14543
2692	14547
2693	11066
2694	15496
2695	17899
2696	17892
2697	17894
2698	00440
2699	02622
2700	19136
2701	15196
2702	19131
2703	08639
2704	09806
2705	02050
2706	02051
2707	02052
2708	02054
2709	07575
2710	02056
2711	11490
2712	02059
2713	11493
2714	11494
2715	11496
2716	04849
2717	04848
2718	04845
2719	04844
2720	04847
2721	04846
2722	04841
2723	04840
2724	04843
2725	06999
2726	06994
2727	06997
2728	06991
2729	06992
2730	03153
2731	03150
2732	03403
2733	16564
2734	16566
2735	06194
2736	06196
2737	06191
2738	12678
2739	06198
2740	10812
2741	10811
2742	10810
2743	10816
2744	10815
2745	10814
2746	10818
2747	04869
2748	16309
2749	16300
2750	16302
2751	16305
2752	16307
2753	12533
2754	01503
2755	01502
2756	01501
2757	01500
2758	01507
2759	06226
2760	01505
2761	01504
2762	01509
2763	01508
2764	05556
2765	05551
2766	05552
2767	05553
2768	05558
2769	05559
2770	01644
2771	15645
2772	01646
2773	01647
2774	01640
2775	12538
2776	01642
2777	01643
2778	05080
2779	04864
2780	05087
2781	05084
2782	05085
2783	09411
2784	09410
2785	09415
2786	09417
2787	09416
2788	09419
2789	09418
2790	03868
2791	03863
2792	03860
2793	03861
2794	03864
2795	05330
2796	05883
2797	05332
2798	05881
2799	05886
2800	05887
2801	05884
2802	05338
2803	05339
2804	05888
2805	05889
2806	12199
2807	08623
2808	01431
2809	13231
2810	13235
2811	17173
2812	10379
2813	18210
2814	18212
2815	04687
2816	04686
2817	04685
2818	04684
2819	04683
2820	04682
2821	04681
2822	04680
2823	04689
2824	04688
2825	00596
2826	00595
2827	00594
2828	00593
2829	00592
2830	00591
2831	00590
2832	00599
2833	17178
2834	02735
2835	02734
2836	02737
2837	02730
2838	08234
2839	02732
2840	02739
2841	02738
2842	07018
2843	15797
2844	04062
2845	04061
2846	04060
2847	04067
2848	04066
2849	04065
2850	04068
2851	03488
2852	03489
2853	03480
2854	03481
2855	03482
2856	03483
2857	03485
2858	03487
2859	07909
2860	07900
2861	07902
2862	07906
2863	15579
2864	16093
2865	16545
2866	16096
2867	06768
2868	06769
2869	06766
2870	06767
2871	06765
2872	06762
2873	06763
2874	08908
2875	08909
2876	08904
2877	08905
2878	08906
2879	08907
2880	08902
2881	08903
2882	07093
2883	07090
2884	06508
2885	06502
2886	06500
2887	06501
2888	11828
2889	16172
2890	16170
2891	16171
2892	16176
2893	16175
2894	16178
2895	16179
2896	17559
2897	16326
2898	17220
2899	11689
2900	11688
2901	11686
2902	11680
2903	11683
2904	11682
2905	16796
2906	16797
2907	02509
2908	02506
2909	02505
2910	02502
2911	02503
2912	02500
2913	02501
2914	12086
2915	12084
2916	12082
2917	12083
2918	12088
2919	12089
2920	01954
2921	09628
2922	09623
2923	09627
2924	09624
2925	10028
2926	13082
2927	10793
2928	04367
2929	12339
2930	09200
2931	12336
2932	12337
2933	12332
2934	04361
2935	10246
2936	10244
2937	10245
2938	18683
2939	09209
2940	09334
2941	04216
2942	04217
2943	04210
2944	09331
2945	04212
2946	04213
2947	04218
2948	04219
2949	03071
2950	03073
2951	01562
2952	03075
2953	03074
2954	03077
2955	03076
2956	03079
2957	06247
2958	01367
2959	01365
2960	01362
2961	01360
2962	01369
2963	01368
2964	03299
2965	03298
2966	03294
2967	03297
2968	03291
2969	03290
2970	03293
2971	03292
2972	11047
2973	18027
2974	11044
2975	11043
2976	11040
2977	11049
2978	18029
2979	05946
2980	05417
2981	05944
2982	15964
2983	15965
2984	15967
2985	15968
2986	05943
2987	05941
2988	05940
2989	11309
2990	08855
2991	04414
2992	04147
2993	04413
2994	00016
2995	00017
2996	00015
2997	00010
2998	00011
2999	04143
3000	00018
3001	00019
3002	07599
3003	07594
3004	07590
3005	07591
3006	15217
3007	15214
3008	04868
3009	15213
3010	12530
3011	12531
3012	04863
3013	04862
3014	04861
3015	04860
3016	04867
3017	04866
3018	15218
3019	15219
3020	06906
3021	16548
3022	16091
3023	16542
3024	16541
3025	16540
3026	16547
3027	16097
3028	16544
3029	09060
3030	06900
3031	09061
3032	12651
3033	01485
3034	04090
3035	04091
3036	16891
3037	16890
3038	16325
3039	04094
3040	16320
3041	04095
3042	16328
3043	05135
3044	01569
3045	01568
3046	06240
3047	06243
3048	03847
3049	01565
3050	01564
3051	01567
3052	01566
3053	09436
3054	05530
3055	05537
3056	05538
3057	05539
3058	01622
3059	01620
3060	01621
3061	01627
3062	01625
3063	01628
3064	03841
3065	03842
3066	03843
3067	09438
3068	03848
3069	03849
3070	09435
3071	09433
3072	09432
3073	09430
3074	08447
3075	01198
3076	01199
3077	17053
3078	01190
3079	01192
3080	01193
3081	01194
3082	01195
3083	01197
3084	13211
3085	13215
3086	11134
3087	10494
3088	10492
3089	14791
3090	18231
3091	14322
3092	14795
3093	14796
3094	09292
3095	04669
3096	04668
3097	04664
3098	09299
3099	04666
3100	04660
3101	04663
3102	04662
3103	00579
3104	00578
3105	00574
3106	00571
3107	00573
3108	00572
3109	02712
3110	02711
3111	02710
3112	00283
3113	02715
3114	02714
3115	08747
3116	08744
3117	02718
3118	08215
3119	12073
3120	09900
3121	04009
3122	04008
3123	15779
3124	04001
3125	04000
3126	04002
3127	04005
3128	04004
3129	04007
3130	15511
3131	05331
3132	06743
3133	08968
3134	08969
3135	08962
3136	08960
3137	08961
3138	08966
3139	08964
3140	08965
3141	07925
3142	07292
3143	07294
3144	07921
3145	07296
3146	07299
3147	07298
3148	06528
3149	13868
3150	02020
3151	02154
3152	02157
3153	02156
3154	02151
3155	07430
3156	11511
3157	11510
3158	16159
3159	16156
3160	16157
3161	02029
3162	00809
3163	00808
3164	00805
3165	00804
3166	00807
3167	00806
3168	00801
3169	00800
3170	00803
3171	00802
3172	07442
3173	18236
3174	02525
3175	02526
3176	02527
3177	02522
3178	10004
3179	10007
3180	10001
3181	10003
3182	10009
3183	04667
3184	09298
3185	08443
3186	12359
3187	12352
3188	12356
3189	12357
3190	01286
3191	12355
3192	10260
3193	10262
3194	06809
3195	10266
3196	10268
3197	10269
3198	05274
3199	05277
3200	05276
3201	05272
3202	05278
3203	09352
3204	04273
3205	09350
3206	09351
3207	09356
3208	09357
3209	09354
3210	09607
3211	09608
3212	09609
3213	04278
3214	09359
3215	06664
3216	03059
3217	03725
3218	03727
3219	03054
3220	03721
3221	03720
3222	03051
3223	03722
3224	04261
3225	04260
3226	01385
3227	01387
3228	04231
3229	04263
3230	01383
3231	01382
3232	13006
3233	13000
3234	13003
3235	09613
3236	04267
3237	18008
3238	09348
3239	18006
3240	18001
3241	04496
3242	04497
3243	04494
3244	04493
3245	04490
3246	04491
3247	17856
3248	17857
3249	17854
3250	17852
3251	17853
3252	04498
3253	09979
3254	00386
3255	00387
3256	00384
3257	00385
3258	00382
3259	00383
3260	15989
3261	15987
3262	15984
3263	15985
3264	15982
3265	15983
3266	15980
3267	15981
3268	08564
3269	02894
3270	07607
3271	02896
3272	02897
3273	02890
3274	02891
3275	07600
3276	07601
3277	08561
3278	15188
3279	15189
3280	00034
3281	00035
3282	00036
3283	00037
3284	00030
3285	00031
3286	00032
3287	02094
3288	02095
3289	02097
3290	02090
3291	02091
3292	02092
3293	02098
3294	04801
3295	04803
3296	04802
3297	04805
3298	04804
3299	04807
3300	04806
3301	04808
3302	04030
3303	12518
3304	15237
3305	15231
3306	16520
3307	16524
3308	01289
3309	03923
3310	10855
3311	10852
3312	10859
3313	05125
3314	05656
3315	05127
3316	05654
3317	05121
3318	01547
3319	01814
3320	01545
3321	01816
3322	01543
3323	05123
3324	01541
3325	01812
3326	12187
3327	12186
3328	12185
3329	12184
3330	12183
3331	01818
3332	01549
3333	01548
3334	16122
3335	04035
3336	05519
3337	05048
3338	05049
3339	05510
3340	05044
3341	05513
3342	05043
3343	05516
3344	05517
3345	01608
3346	01602
3347	01603
3348	01604
3349	01606
3350	01607
3351	13587
3352	13588
3353	13589
3354	04336
3355	11721
3356	11728
3357	14009
3358	17078
3359	17079
3360	17075
3361	17077
3362	17072
3363	00636
3364	00634
3365	00635
3366	00630
3367	04334
3368	00639
3369	09551
3370	03987
3371	03986
3372	09555
3373	04398
3374	04649
3375	04648
3376	03983
3377	04391
3378	04390
3379	04393
3380	04392
3381	04647
3382	04394
3383	04645
3384	04644
3385	00559
3386	00558
3387	08761
3388	00553
3389	00552
3390	00551
3391	00556
3392	00555
3393	00554
3394	02779
3395	02778
3396	05212
3397	03736
3398	02770
3399	02774
3400	02777
3401	02776
3402	09015
3403	09014
3404	09017
3405	09011
3406	09010
3407	09013
3408	04020
3409	09018
3410	04028
3411	15758
3412	06344
3413	08493
3414	08490
3415	08491
3416	08496
3417	08498
3418	05210
3419	18252
3420	18257
3421	18256
3422	11056
3423	04274
3424	18014
3425	01023
3426	06892
3427	06894
3428	06895
3429	06896
3430	06897
3431	06899
3432	03556
3433	03557
3434	08942
3435	03555
3436	08944
3437	03553
3438	08946
3439	08947
3440	17849
3441	06349
3442	06098
3443	16216
3444	06090
3445	06091
3446	06092
3447	16743
3448	04488
3449	12977
3450	06267
3451	00390
3452	02173
3453	02172
3454	07411
3455	11538
3456	02177
3457	02176
3458	07414
3459	11532
3460	07419
3461	11535
3462	15990
3463	00829
3464	00828
3465	00823
3466	00821
3467	00820
3468	04233
3469	00826
3470	00825
3471	00824
3472	06262
3473	02542
3474	02543
3475	02540
3476	02541
3477	02546
3478	02547
3479	02545
3480	02548
3481	02549
3482	00189
3483	06371
3484	17266
3485	10060
3486	06372
3487	10066
3488	10064
3489	10065
3490	01415
3491	10068
3492	06377
3493	02889
3494	12372
3495	12373
3496	12374
3497	12376
3498	12378
3499	12379
3500	10289
3501	10285
3502	10280
3503	10281
3504	05253
3505	05250
3506	05257
3507	05256
3508	05255
3509	05254
3510	05259
3511	05258
3512	05701
3513	05703
3514	01019
3515	01015
3516	01014
3517	01017
3518	01016
3519	01011
3520	01010
3521	09378
3522	09379
3523	13391
3524	04250
3525	04251
3526	09372
3527	04253
3528	04254
3529	04255
3530	04256
3531	04257
3532	08539
3533	03709
3534	03708
3535	04528
3536	03703
3537	03701
3538	03700
3539	03706
3540	08025
3541	11882
3542	11881
3543	11887
3544	11886
3545	11885
3546	04527
3547	11888
3548	04290
3549	13023
3550	13021
3551	09800
3552	13024
3553	06269
3554	17874
3555	17875
3556	11088
3557	17871
3558	17873
3559	11081
3560	17879
3561	11084
3562	09958
3563	09959
3564	09955
3565	09950
3566	09951
3567	07627
3568	07621
3569	04111
3570	00059
3571	00053
3572	00050
3573	00051
3574	00056
3575	00054
3576	00055
3577	04829
3578	04828
3579	04827
3580	04826
3581	04824
3582	04822
3583	04821
3584	04820
3585	15253
3586	15250
3587	15256
3588	16059
3589	16058
3590	16507
3591	16505
3592	16056
3593	16051
3594	16050
3595	16053
3596	16500
3597	04289
3598	12613
3599	08844
3600	01833
3601	06289
3602	06288
3603	01835
3604	06285
3605	06284
3606	06287
3607	06286
3608	06281
3609	06280
3610	06283
3611	06282
3612	13628
3613	12976
3614	03886
3615	03887
3616	03880
3617	03883
3618	00188
3619	13563
3620	13560
3621	13561
3622	04744
3623	11704
3624	15651
3625	11703
3626	00618
3627	00619
3628	17167
3629	00614
3630	00615
3631	00616
3632	00617
3633	00610
3634	00613
3635	02288
3636	05067
3637	05061
3638	05062
3639	02281
3640	02282
3641	02285
3642	04620
3643	04622
3644	04625
3645	04627
3646	04629
3647	04628
3648	00530
3649	00533
3650	00532
3651	00535
3652	00534
3653	00537
3654	00536
3655	00539
3656	00538
3657	02757
3658	02756
3659	02755
3660	02754
3661	02753
3662	02751
3663	10695
3664	02758
3665	05392
3666	05390
3667	05396
3668	05397
3669	05394
3670	05395
3671	05398
3672	05399
3673	09033
3674	09032
3675	09031
3676	09030
3677	09036
3678	09035
3679	09034
3680	09039
3681	09038
3682	15889
3683	10544
3684	10541
3685	00289
3686	00288
3687	00287
3688	00286
3689	00285
3690	00284
3691	10549
3692	10548
3693	12646
3694	12647
3695	18279
3696	18276
3697	03390
3698	03391
3699	03392
3700	03394
3701	03396
3702	03398
3703	03399
3704	05936
3705	05937
3706	05934
3707	05935
3708	05932
3709	05930
3710	01226
3711	01227
3712	01224
3713	01225
3714	01222
3715	01220
3716	01228
3717	01229
3718	06708
3719	06879
3720	06700
3721	06701
3722	06702
3723	06704
3724	06873
3725	06707
3726	03578
3727	03579
3728	03575
3729	03576
3730	03570
3731	03571
3732	03572
3733	02150
3734	14426
3735	00604
3736	07089
3737	13810
3738	09516
3739	11833
3740	11550
3741	11553
3742	11552
3743	06351
3744	10600
3745	11559
3746	07478
3747	02111
3748	02110
3749	02114
3750	07477
3751	00840
3752	00843
3753	00845
3754	00844
3755	00847
3756	00846
3757	00849
3758	12039
3759	03410
3760	02568
3761	16267
3762	16261
3763	02560
3764	02561
3765	02562
3766	02563
3767	02564
3768	02565
3769	02566
3770	02567
3771	17244
3772	17241
3773	17240
3774	10048
3775	10040
3776	10042
3777	01926
3778	09273
3779	01929
3780	09272
3781	04314
3782	09277
3783	09276
3784	01578
3785	05729
3786	01579
3787	04318
3788	05231
3789	05230
3790	05721
3791	05232
3792	05235
3793	05726
3794	05725
3795	05236
3796	01039
3797	01038
3798	01033
3799	01032
3800	01031
3801	01030
3802	01037
3803	01036
3804	01035
3805	03216
3806	08861
3807	06256
3808	03212
3809	06254
3810	13049
3811	13044
3812	18040
3813	18043
3814	18049
3815	17816
3816	17814
3817	17815
3818	17818
3819	05950
3820	09932
3821	09930
3822	09936
3823	09937
3824	08517
3825	03763
3826	03762
3827	03765
3828	03767
3829	03766
3830	03769
3831	05954
3832	05403
3833	07642
3834	07640
3835	07644
3836	05401
3837	04131
3838	04422
3839	00070
3840	00072
3841	04420
3842	00074
3843	00075
3844	00078
3845	00079
3846	05055
3847	05054
3848	05504
3849	12807
3850	15273
3851	05053
3852	15276
3853	12558
3854	05500
3855	12808
3856	03185
3857	03184
3858	03181
3859	03180
3860	03183
3861	03182
3862	03188
3863	16078
3864	16070
3865	16077
3866	16074
3867	06119
3868	06118
3869	06115
3870	06114
3871	06117
3872	06116
3873	06111
3874	06110
3875	06113
3876	01614
3877	01859
3878	01858
3879	01589
3880	01588
3881	01851
3882	01582
3883	01853
3884	01580
3885	01855
3886	01586
3887	01585
3888	01584
3889	13606
3890	13605
3891	17653
3892	13545
3893	13549
3894	00988
3895	00984
3896	00985
3897	00986
3898	00987
3899	00980
3900	00982
3901	00983
3902	16380
3903	11768
3904	11769
3905	16385
3906	16387
3907	16386
3908	11762
3909	11763
3910	11766
3911	11767
3912	11764
3913	11765
3914	17031
3915	17036
3916	11120
3917	00678
3918	00679
3919	00673
3920	00671
3921	00676
3922	00677
3923	00674
3924	00675
3925	05002
3926	05003
3927	05000
3928	05001
3929	05006
3930	05007
3931	05004
3932	05005
3933	05008
3934	05009
3935	09583
3936	09580
3937	09587
3938	09238
3939	04609
3940	04608
3941	09235
3942	04606
3943	04357
3944	04356
3945	04603
3946	04350
3947	04353
3948	04600
3949	10387
3950	10384
3951	10383
3952	00519
3953	10380
3954	00517
3955	00516
3956	00515
3957	00514
3958	00513
3959	00512
3960	10388
3961	08723
3962	12234
3963	12237
3964	12236
3965	12231
3966	12233
3967	12232
3968	12238
3969	09059
3970	09058
3971	02771
3972	15718
3973	09051
3974	09050
3975	09053
3976	09052
3977	15712
3978	09057
3979	10562
3980	10566
3981	10565
3982	10564
3983	10568
3984	03378
3985	03379
3986	03376
3987	03377
3988	03374
3989	03375
3990	03372
3991	03373
3992	03370
3993	03371
3994	05919
3995	05916
3996	05913
3997	01205
3998	01206
3999	01200
4000	01201
4001	01202
4002	01203
4003	08985
4004	08986
4005	08987
4006	08980
4007	08981
4008	08982
4009	08983
4010	08988
4011	08989
4012	03518
4013	03519
4014	03513
4015	03511
4016	03516
4017	03517
4018	03514
4019	03515
4020	07982
4021	07985
4022	05830
4023	14403
4024	13839
4025	07189
4026	07181
4027	07180
4028	07183
4029	07185
4030	07184
4031	06854
4032	06850
4033	06852
4034	06858
4035	06859
4036	02137
4037	07456
4038	07455
4039	02134
4040	07452
4041	02131
4042	02130
4043	07512
4044	07459
4045	02138
4046	04980
4047	04981
4048	04984
4049	04985
4050	04987
4051	19386
4052	06580
4053	06586
4054	06584
4055	06588
4056	00867
4057	00866
4058	00864
4059	02039
4060	16249
4061	16716
4062	16717
4063	16246
4064	16712
4065	16241
4066	01446
4067	01447
4068	01444
4069	01442
4070	01443
4071	01440
4072	01441
4073	12006
4074	12004
4075	12005
4076	12002
4077	12003
4078	01448
4079	01449
4080	04676
4081	09285
4082	07816
4083	09281
4084	04670
4085	09283
4086	05741
4087	05215
4088	05214
4089	05745
4090	05744
4091	05211
4092	05746
4093	05749
4094	05748
4095	05219
4096	01051
4097	01050
4098	01055
4099	01054
4100	01057
4101	01056
4102	01059
4103	01058
4104	10713
4105	14874
4106	14871
4107	14654
4108	16245
4109	08424
4110	13064
4111	13061
4112	04270
4113	09604
4114	09606
4115	04732
4116	18716
4117	04275
4118	04166
4119	04167
4120	04164
4121	04165
4122	04162
4123	04163
4124	04160
4125	04161
4126	17830
4127	17834
4128	17835
4129	04169
4130	04279
4131	03748
4132	03747
4133	03746
4134	03745
4135	03743
4136	03742
4137	03741
4138	03740
4139	02838
4140	02839
4141	07660
4142	02834
4143	02835
4144	02832
4145	02833
4146	07666
4147	02831
4148	09774
4149	08555
4150	00098
4151	00096
4152	00092
4153	00093
4154	07495
4155	09775
4156	03726
4157	03723
4158	15298
4159	15299
4160	15296
4161	12477
4162	15295
4163	15291
4164	12474
4165	03042
4166	00145
4167	06138
4168	06131
4169	06130
4170	13991
4171	13990
4172	13994
4173	15762
4174	05640
4175	05641
4176	15761
4177	01877
4178	01876
4179	01875
4180	01874
4181	01873
4182	01872
4183	01871
4184	01870
4185	05133
4186	05647
4187	04471
4188	13662
4189	03046
4190	13664
4191	13667
4192	16011
4193	16010
4194	11298
4195	16012
4196	16015
4197	16016
4198	16019
4199	16018
4200	11290
4201	11297
4202	11294
4203	17632
4204	17633
4205	17630
4206	17637
4207	06301
4208	01381
4209	17638
4210	01380
4211	11740
4212	11741
4213	11743
4214	11744
4215	11745
4216	11748
4217	00653
4218	00655
4219	00656
4220	00659
4221	02249
4222	02248
4223	02244
4224	02247
4225	05020
4226	05021
4227	05023
4228	05024
4229	05026
4230	04379
4231	09218
4232	09213
4233	09212
4234	09211
4235	09210
4236	09217
4237	09216
4238	04374
4239	10369
4240	10368
4241	10364
4242	10367
4243	10366
4244	10361
4245	10360
4246	10362
4247	02799
4248	02798
4249	16907
4250	16905
4251	02793
4252	02792
4253	02791
4254	02790
4255	02797
4256	02796
4257	02795
4258	02794
4259	12210
4260	12217
4261	12214
4262	12219
4263	15840
4264	10509
4265	10502
4266	18010
4267	05688
4268	18947
4269	05685
4270	05686
4271	05687
4272	05683
4273	13248
4274	03354
4275	03355
4276	03356
4277	03357
4278	03352
4279	03353
4280	03358
4281	10415
4282	03688
4283	03682
4284	03681
4285	10144
4286	05972
4287	05973
4288	05970
4289	05976
4290	05975
4291	09077
4292	04080
4293	01268
4294	04082
4295	09073
4296	04084
4297	09071
4298	04086
4299	01262
4300	04088
4301	01260
4302	01261
4303	01266
4304	01267
4305	01264
4306	01265
4307	03531
4308	03532
4309	03533
4310	03534
4311	08303
4312	03536
4313	03537
4314	03538
4315	03539
4316	18364
4317	18366
4318	18363
4319	17997
4320	11108
4321	09970
4322	15592
4323	15598
4324	13853
4325	13851
4326	13854
4327	13855
4328	19252
4329	16206
4330	00135
4331	00134
4332	00137
4333	00136
4334	00131
4335	00130
4336	06834
4337	06839
4338	00139
4339	00138
4340	07303
4341	07302
4342	07307
4343	07306
4344	07305
4345	07304
4346	15335
4347	15334
4348	15337
4349	12456
4350	04968
4351	12452
4352	04965
4353	15339
4354	15338
4355	04961
4356	00388
4357	00389
4358	06881
4359	06880
4360	16735
4361	16736
4362	16737
4363	09592
4364	16733
4365	16738
4366	16739
4367	12025
4368	12026
4369	06369
4370	12023
4371	16222
4372	16223
4373	16220
4374	16221
4375	16226
4376	16227
4377	16224
4378	16225
4379	01468
4380	01469
4381	06304
4382	01465
4383	06306
4384	01467
4385	01460
4386	01461
4387	06302
4388	01463
4389	01403
4390	06360
4391	01401
4392	01406
4393	08950
4394	01407
4395	02895
4396	07603
4397	02892
4398	05768
4399	05766
4400	05765
4401	05763
4402	05761
4403	01079
4404	01078
4405	01075
4406	01074
4407	01073
4408	01072
4409	01071
4410	01070
4411	09689
4412	09312
4413	09684
4414	09686
4415	09687
4416	10776
4417	14853
4418	11829
4419	05350
4420	14679
4421	11824
4422	11827
4423	14674
4424	11821
4425	11820
4426	11823
4427	11822
4428	09830
4429	09837
4430	13086
4431	13080
4432	04516
4433	02476
4434	02477
4435	02474
4436	02475
4437	02479
4438	03807
4439	00469
4440	04148
4441	04149
4442	04418
4443	04419
4444	04144
4445	04417
4446	04146
4447	04415
4448	04412
4449	04141
4450	04411
4451	10196
4452	10195
4453	10192
4454	00309
4455	00306
4456	00307
4457	00304
4458	00305
4459	00302
4460	00303
4461	00300
4462	00301
4463	07826
4464	15109
4465	15104
4466	15103
4467	09753
4468	18085
4469	18086
4470	18087
4471	18081
4472	18082
4473	18089
4474	09750
4475	03925
4476	01854
4477	02814
4478	02815
4479	02816
4480	02817
4481	02810
4482	02811
4483	02812
4484	02813
4485	02818
4486	02819
4487	06151
4488	06156
4489	08474
4490	01899
4491	01898
4492	01895
4493	01894
4494	02184
4495	01891
4496	01890
4497	01893
4498	01892
4499	09027
4500	03457
4501	16039
4502	16038
4503	03928
4504	16034
4505	13571
4506	16031
4507	17618
4508	17615
4509	02269
4510	16697
4511	16696
4512	16695
4513	16694
4514	02262
4515	02260
4516	02266
4517	02264
4518	10349
4519	10348
4520	10343
4521	10342
4522	10341
4523	10340
4524	10347
4525	10346
4526	10345
4527	12278
4528	12273
4529	12272
4530	12274
4531	12277
4532	12276
4533	10527
4534	10525
4535	10524
4536	10522
4537	00754
4538	10529
4539	12631
4540	04311
4541	04310
4542	01798
4543	01799
4544	09274
4545	04317
4546	04316
4547	09279
4548	01793
4549	01790
4550	01796
4551	01794
4552	03333
4553	03330
4554	03331
4555	03336
4556	03337
4557	03334
4558	03335
4559	13311
4560	03338
4561	05406
4562	05951
4563	05404
4564	05405
4565	05402
4566	05955
4567	05400
4568	05957
4569	05958
4570	05959
4571	05408
4572	01240
4573	01241
4574	01242
4575	01243
4576	01245
4577	01246
4578	01247
4579	01248
4580	01249
4581	09099
4582	09095
4583	09094
4584	09096
4585	09091
4586	09090
4587	02147
4588	08325
4589	18343
4590	11121
4591	11122
4592	14332
4593	18346
4594	11129
4595	18349
4596	09894
4597	09897
4598	09896
4599	17979
4600	09890
4601	09893
4602	09892
4603	17975
4604	11509
4605	17973
4606	10757
4607	13873
4608	13874
4609	07149
4610	07428
4611	07147
4612	07429
4613	00113
4614	00111
4615	00110
4616	00116
4617	00115
4618	00114
4619	00119
4620	11801
4621	06817
4622	08455
4623	07369
4624	07368
4625	04946
4626	07498
4627	04940
4628	11805
4629	04942
4630	04943
4631	07360
4632	07362
4633	07497
4634	07364
4635	07367
4636	12473
4637	12471
4638	15317
4639	15316
4640	15314
4641	12479
4642	00162
4643	04173
4644	16202
4645	16751
4646	16204
4647	16754
4648	16208
4649	16758
4650	16759
4651	12040
4652	12044
4653	12048
4654	12049
4655	01815
4656	06368
4657	01409
4658	01546
4659	06362
4660	06363
4661	01400
4662	06361
4663	01486
4664	01817
4665	01404
4666	06365
4667	01811
4668	01810
4669	12189
4670	01487
4671	06260
4672	01819
4673	03907
4674	11464
4675	11467
4676	11466
4677	11460
4678	04306
4679	11469
4680	11468
4681	09267
4682	17150
4683	17157
4684	17156
4685	17154
4686	17159
4687	17158
4688	08870
4689	00757
4690	00756
4691	00751
4692	00753
4693	03207
4694	09673
4695	00759
4696	03204
4697	04178
4698	10753
4699	08875
4700	14839
4701	11809
4702	08876
4703	11803
4704	14833
4705	11800
4706	11807
4707	14837
4708	11804
4709	08685
4710	03307
4711	07933
4712	03306
4713	02457
4714	08689
4715	02452
4716	04434
4717	04435
4718	04437
4719	04433
4720	04438
4721	08130
4722	00325
4723	04128
4724	04129
4725	00320
4726	03653
4727	00322
4728	00323
4729	04122
4730	04123
4731	04120
4732	03652
4733	00328
4734	04127
4735	04124
4736	04125
4737	00326
4738	15121
4739	15122
4740	15123
4741	00329
4742	05512
4743	05045
4744	12864
4745	05515
4746	03475
4747	03474
4748	03477
4749	03476
4750	03470
4751	03479
4752	03478
4753	02873
4754	02870
4755	02877
4756	02874
4757	02875
4758	02878
4759	02879
4760	06179
4761	06178
4762	06177
4763	06176
4764	06171
4765	06170
4766	03900
4767	09085
4768	13139
4769	11254
4770	19007
4771	01322
4772	11785
4773	00928
4774	00929
4775	00926
4776	00924
4777	00925
4778	00922
4779	00923
4780	00920
4781	09329
4782	00694
4783	00695
4784	00697
4785	00692
4786	00693
4787	00698
4788	02203
4789	02202
4790	09328
4791	10320
4792	10322
4793	10324
4794	10328
4795	16415
4796	16414
4797	16413
4798	16412
4799	16419
4800	12257
4801	12255
4802	12252
4803	12251
4804	12259
4805	12258
4806	17096
4807	17094
4808	17098
4809	17099
4810	03916
4811	03914
4812	03915
4813	09529
4814	03913
4815	04339
4816	09258
4817	09525
4818	09524
4819	09527
4820	09254
4821	04333
4822	04332
4823	04331
4824	09522
4825	03318
4826	03319
4827	08699
4828	03648
4829	03649
4830	03310
4831	03311
4832	03312
4833	03313
4834	03642
4835	03643
4836	03316
4837	03317
4838	05428
4839	05426
4840	05427
4841	05420
4842	05423
4843	13126
4844	13124
4845	13125
4846	13123
4847	15805
4848	13129
4849	08348
4850	08349
4851	09320
4852	08341
4853	08346
4854	08347
4855	18328
4856	18321
4857	14315
4858	04591
4859	04590
4860	04596
4861	04595
4862	04594
4863	04598
4864	02999
4865	02998
4866	07169
4867	07168
4868	02717
4869	02991
4870	02990
4871	02993
4872	02992
4873	02995
4874	02994
4875	02997
4876	02996
4877	09325
4878	00179
4879	00178
4880	00171
4881	00170
4882	00173
4883	00172
4884	00175
4885	00177
4886	00176
4887	02191
4888	02003
4889	07345
4890	07342
4891	07341
4892	07522
4893	02199
4894	02198
4895	07348
4896	04922
4897	04921
4898	04926
4899	04927
4900	04925
4901	02007
4902	04929
4903	12419
4904	02005
4905	12411
4906	07524
4907	12417
4908	06698
4909	06693
4910	06691
4911	06696
4912	16778
4913	16779
4914	12497
4915	16773
4916	19270
4917	06340
4918	06341
4919	06434
4920	06343
4921	01424
4922	01425
4923	06430
4924	06347
4925	01428
4926	01429
4927	12064
4928	12065
4929	12066
4930	12067
4931	04643
4932	04640
4933	04395
4934	04646
4935	11443
4936	11441
4937	11440
4938	11446
4939	11445
4940	04396
4941	17423
4942	17130
4943	17137
4944	00772
4945	00771
4946	13338
4947	00777
4948	00774
4949	00779
4950	00778
4951	13335
4952	12803
4953	02439
4954	02433
4955	02431
4956	02436
4957	02437
4958	02434
4959	02435
4960	04100
4961	04103
4962	04456
4963	04457
4964	04454
4965	09751
4966	04108
4967	04458
4968	04459
4969	09758
4970	09759
4971	00342
4972	00343
4973	00340
4974	00346
4975	00347
4976	00344
4977	00345
4978	00348
4979	08599
4980	04242
4981	11861
4982	11860
4983	14815
4984	11862
4985	18516
4986	11864
4987	18514
4988	18515
4989	11869
4990	11868
4991	18518
4992	04240
4993	04027
4994	15147
4995	15144
4996	04026
4997	15148
4998	04023
4999	03126
5000	04022
5001	04021
5002	05852
5003	05859
5004	05858
5005	01164
5006	01167
5007	01166
5008	01161
5009	01160
5010	01163
5011	01162
5012	01169
5013	01168
5014	03732
5015	12883
5016	03733
5017	03451
5018	03450
5019	03109
5020	03456
5021	03455
5022	03454
5023	03105
5024	03459
5025	03458
5026	03101
5027	03100
5028	03103
5029	06915
5030	02858
5031	02859
5032	02850
5033	02851
5034	02852
5035	02854
5036	02855
5037	02856
5038	02857
5039	15302
5040	08492
5041	04522
5042	13682
5043	11279
5044	07756
5045	07753
5046	06910
5047	00904
5048	00905
5049	00906
5050	00907
5051	00900
5052	00901
5053	00902
5054	00903
5055	00908
5056	00909
5057	09226
5058	06913
5059	06912
5060	02228
5061	02227
5062	02226
5063	02225
5064	02224
5065	02223
5066	02222
5067	02221
5068	10909
5069	10658
5070	10309
5071	10308
5072	10307
5073	10654
5074	09361
5075	10301
5076	10300
5077	16430
5078	16436
5079	16434
5080	15532
5081	11736
5082	09220
5083	06688
5084	05198
5085	05628
5086	05629
5087	05195
5088	05196
5089	05625
5090	05622
5091	05623
5092	05620
5093	05621
5094	01759
5095	01756
5096	01757
5097	01754
5098	01752
5099	01753
5100	01750
5101	01751
5102	09509
5103	09508
5104	03938
5105	03934
5106	03935
5107	03937
5108	03930
5109	09506
5110	03932
5111	09504
5112	05994
5113	10400
5114	05992
5115	10401
5116	01284
5117	01285
5118	05448
5119	10151
5120	01280
5121	01281
5122	01283
5123	05442
5124	05443
5125	05440
5126	05441
5127	01288
5128	05447
5129	05444
5130	13105
5131	13107
5132	13100
5133	18307
5134	18306
5135	18304
5136	18303
5137	18658
5138	17934
5139	14371
5140	14377
5141	09304
5142	00489
5143	03665
5144	03666
5145	03667
5146	03660
5147	03661
5148	00480
5149	03668
5150	00484
5151	00486
5152	07105
5153	07107
5154	04715
5155	04717
5156	04716
5157	04711
5158	04710
5159	04713
5160	04712
5161	04718
5162	00156
5163	00155
5164	00154
5165	00153
5166	00152
5167	00150
5168	00159
5169	00158
5170	03592
5171	08361
5172	03590
5173	03591
5174	08364
5175	03597
5176	08366
5177	03595
5178	08368
5179	08369
5180	03599
5181	09301
5182	04908
5183	04909
5184	12433
5185	12432
5186	15351
5187	04905
5188	04906
5189	04907
5190	01437
5191	06424
5192	06427
5193	06426
5194	01433
5195	09303
5196	01432
5197	12079
5198	01430
5199	01991
5200	01992
5201	01993
5202	01994
5203	01995
5204	01996
5205	01998
5206	01999
5207	09132
5208	12074
5209	08810
5210	09133
5211	11788
5212	03026
5213	09130
5214	08819
5215	01438
5216	09135
5217	06418
5218	06419
5219	06414
5220	06417
5221	06410
5222	13742
5223	08941
5224	03024
5225	03554
5226	13748
5227	08943
5228	09826
5229	09820
5230	11428
5231	11425
5232	11424
5233	17440
5234	17447
5235	09828
5236	13353
5237	13357
5238	00718
5239	00710
5240	00713
5241	00712
5242	00715
5243	00714
5244	00717
5245	00716
5246	09190
5247	09191
5248	09192
5249	09193
5250	09195
5251	09196
5252	09197
5253	09198
5254	09199
5255	02412
5256	02413
5257	02415
5258	02416
5259	02419
5260	05298
5261	05294
5262	04478
5263	04479
5264	09779
5265	09990
5266	09991
5267	09776
5268	04473
5269	09770
5270	09995
5271	09773
5272	10466
5273	00369
5274	10464
5275	10463
5276	10460
5277	10461
5278	00360
5279	00361
5280	00362
5281	00363
5282	00367
5283	18534
5284	11840
5285	15164
5286	05873
5287	05872
5288	05870
5289	05877
5290	05876
5291	05874
5292	05879
5293	05878
5294	01142
5295	01141
5296	01140
5297	01147
5298	01146
5299	01145
5300	01144
5301	01149
5302	01148
5303	09341
5304	03438
5305	03129
5306	03128
5307	03431
5308	03430
5309	03433
5310	03120
5311	03127
5312	03434
5313	03437
5314	03124
5315	09340
5316	13918
5317	13917
5318	09342
5319	12569
5320	07732
5321	00962
5322	00961
5323	00969
5324	15244
5325	16183
5326	16181
5327	16180
5328	16186
5329	16185
5330	16184
5331	16635
5332	16189
5333	16632
5334	06065
5335	06064
5336	06060
5337	10921
5338	10920
5339	08002
5340	10929
5341	10928
5342	10673
5343	10676
5344	16459
5345	16458
5346	16450
5347	16452
5348	16455
5349	16454
5350	16457
5351	12299
5352	12293
5353	12292
5354	12297
5355	12294
5356	05604
5357	05606
5358	05607
5359	05600
5360	05601
5361	05602
5362	05608
5363	05609
5364	01774
5365	01775
5366	01776
5367	01777
5368	01771
5369	01778
5370	09560
5371	17589
5372	09567
5373	09568
5374	17580
5375	17581
5376	03958
5377	03959
5378	03952
5379	03953
5380	03950
5381	03951
5382	03956
5383	03957
5384	03954
5385	03955
5386	05460
5387	05461
5388	05462
5389	05463
5390	05464
5391	05465
5392	05466
5393	05469
5394	15452
5395	11988
5396	11982
5397	11983
5398	11981
5399	11986
5400	11987
5401	11985
5402	10373
5403	02197
5404	10581
5405	10583
5406	10584
5407	10587
5408	10588
5409	13166
5410	11182
5411	14351
5412	14354
5413	07412
5414	14358
5415	11539
5416	02170
5417	09380
5418	17919
5419	17917
5420	02605
5421	02604
5422	02607
5423	03601
5424	03606
5425	02600
5426	03604
5427	02602
5428	03609
5429	02609
5430	02608
5431	02959
5432	07129
5433	02955
5434	02954
5435	02957
5436	02956
5437	02951
5438	02950
5439	02953
5440	02952
5441	12986
5442	12985
5443	12984
5444	04737
5445	04735
5446	08544
5447	04738
5448	08384
5449	08382
5450	08383
5451	08380
5452	08381
5453	07389
5454	07382
5455	07380
5456	07387
5457	07385
5458	15407
5459	15408
5460	01979
5461	01976
5462	01977
5463	01972
5464	01973
5465	01970
5466	01971
5467	02902
5468	08839
5469	02903
5470	08834
5471	08835
5472	08836
5473	08830
5474	01307
5475	08832
5476	08833
5477	02901
5478	02906
5479	06384
5480	06385
5481	06386
5482	06380
5483	02904
5484	02905
5485	06389
5486	06478
5487	06473
5488	06471
5489	06270
5490	13768
5491	01807
5492	13766
5493	13767
5494	01552
5495	01805
5496	01554
5497	01555
5498	01800
5499	01801
5500	01558
5501	11403
5502	11401
5503	06370
5504	06627
5505	01808
5506	03912
5507	09528
5508	03910
5509	17469
5510	17466
5511	17465
5512	04338
5513	17463
5514	01902
5515	00737
5516	09257
5517	00734
5518	00733
5519	00732
5520	00730
5521	13377
5522	13372
5523	00739
5524	00738
5525	02380
5526	02381
5527	02382
5528	09526
5529	02384
5530	02385
5531	02388
5532	09253
5533	09520
5534	09251
5535	03237
5536	04330
5537	09179
5538	09177
5539	09174
5540	09175
5541	04115
5542	09171
5543	04445
5544	04112
5545	16847
5546	16842
5547	16843
5548	16840
5549	16841
5550	08129
5551	16849
5552	12176
5553	03646
5554	12172
5555	12170
5556	03647
5557	12179
5558	09718
5559	03314
5560	09716
5561	03640
5562	10119
5563	10444
5564	10445
5565	10446
5566	03641
5567	10440
5568	10441
5569	10442
5570	10443
5571	18803
5572	18808
5573	05819
5574	05818
5575	05811
5576	05810
5577	05813
5578	05812
5579	05815
5580	05817
5581	05816
5582	01121
5583	01120
5584	01123
5585	01125
5586	01127
5587	03417
5588	03416
5589	03415
5590	03414
5591	08441
5592	03144
5593	03147
5594	03146
5595	03149
5596	03148
5597	03419
5598	03418
5599	14720
5600	14722
5601	14725
5602	14727
5603	03041
5604	06950
5605	07246
5606	07716
5607	11234
5608	11236
5609	07249
5610	00948
5611	00949
5612	00941
5613	00942
5614	00943
5615	00944
5616	00945
5617	00946
5618	00947
5619	13573
5620	10391
5621	07340
5622	16615
5623	06043
5624	06042
5625	06041
5626	06040
5627	06044
5628	01420
5629	12762
5630	06049
5631	06048
5632	10948
5633	10942
5634	16477
5635	16472
5636	16479
5637	10061
5638	07689
5639	01422
5640	05663
5641	05661
5642	05667
5643	05664
5644	05665
5645	05668
5646	05669
5647	01712
5648	01713
5649	01710
5650	01718
5651	01719
5652	03970
5653	03971
5654	03972
5655	03973
5656	03974
5657	03975
5658	03976
5659	03977
5660	03978
5661	09546
5662	09545
5663	09544
5664	09542
5665	09540
5666	10610
5667	10614
5668	10617
5669	10616
5670	05488
5671	05486
5672	05487
5673	05484
5674	05482
5675	05483
5676	05480
5677	09994
5678	13140
5679	13144
5680	02595
5681	02597
5682	02596
5683	02591
5684	02593
5685	02592
5686	02599
5687	02598
5688	04281
5689	04280
5690	09819
5691	04286
5692	04284
5693	04535
5694	04534
5695	04537
5696	09816
5697	04531
5698	04530
5699	04533
5700	04532
5701	00449
5702	00444
5703	00447
5704	00446
5705	06005
5706	00443
5707	00442
5708	03628
5709	03629
5710	02621
5711	02627
5712	02625
5713	02624
5714	03620
5715	02629
5716	03623
5717	03624
5718	03625
5719	03626
5720	03627
5721	02979
5722	02978
5723	02972
5724	02971
5725	02970
5726	02977
5727	02975
5728	15648
5729	04751
5730	04750
5731	04752
5732	15640
5733	04757
5734	04756
5735	00192
5736	00191
5737	00190
5738	00197
5739	00194
5740	15461
5741	15463
5742	15462
5743	15465
5744	15467
5745	03089
5746	03084
5747	03086
5748	03080
5749	03081
5750	03082
5751	07535
5752	07536
5753	06674
5754	01955
5755	01956
5756	01957
5757	01953
5758	02011
5759	08858
5760	08859
5761	08852
5762	08850
5763	08851
5764	08854
5765	07166
5766	01542
5767	01482
5768	06907
5769	06452
5770	01481
5771	06902
5772	06903
5773	01484
5774	06901
5775	06458
5776	06459
5777	01488
5778	01489
5779	11397
5780	11395
5781	11394
5782	11391
5783	11398
5784	01540
5785	00547
5786	05708
5787	12970
5788	02025
5789	05706
5790	02021
5791	07500
5792	02023
5793	02022
5794	00548
5795	07509
5796	07508
5797	00549
5798	16282
5799	16283
5800	16284
5801	16285
5802	02368
5803	02369
5804	02367
5805	02364
5806	02363
5807	09488
5808	07346
5809	09482
5810	09483
5811	09486
5812	09487
5813	02338
5814	13395
5815	16869
5816	16865
5817	16866
5818	16867
5819	02769
5820	12154
5821	12156
5822	12157
5823	12150
5824	10135
5825	10133
5826	10138
5827	02762
5828	10428
5829	10423
5830	10420
5831	10421
5832	04252
5833	10424
5834	09373
5835	09154
5836	09155
5837	09156
5838	09152
5839	09377
5840	09158
5841	15744
5842	04032
5843	05345
5844	05347
5845	05834
5846	05833
5847	05831
5848	05342
5849	09002
5850	05349
5851	05348
5852	05839
5853	05838
5854	01107
5855	01106
5856	01105
5857	01103
5858	09000
5859	01100
5860	09001
5861	01109
5862	09730
5863	09731
5864	09732
5865	09733
5866	09736
5867	09737
5868	09738
5869	08021
5870	08463
5871	08460
5872	03168
5873	03167
5874	03166
5875	03165
5876	03164
5877	03162
5878	18285
5879	18282
5880	14250
5881	14259
5882	14258
5883	14709
5884	07887
5885	13959
5886	13958
5887	11884
5888	13952
5889	07080
5890	07081
5891	07084
5892	18134
5893	18135
5894	00276
5895	00277
5896	00274
5897	00272
5898	00273
5899	00278
5900	00279
5901	09877
5902	07268
5903	07269
5904	07265
5905	07260
5906	07261
5907	07262
5908	16341
5909	16831
5910	02488
5911	16348
5912	02480
5913	13026
5914	19377
5915	16674
5916	19372
5917	12703
5918	10962
5919	10960
5920	06020
5921	06022
5922	06025
5923	06024
5924	06026
5925	16498
5926	16497
5927	16496
5928	09870
5929	05648
5930	05649
5931	05138
5932	05139
5933	05136
5934	05137
5935	05643
5936	05132
5937	05645
5938	05130
5939	05131
5940	01738
5941	01739
5942	01730
5943	01732
5944	01733
5945	01735
5946	01736
5947	01737
5948	03998
5949	03999
5950	03997
5951	03995
5952	03992
5953	03993
5954	03990
5955	03991
5956	11617
5957	17877
5958	11612
5959	11613
5960	11610
5961	11611
5962	10635
5963	10634
5964	10633
5965	11618
5966	11946
5967	11947
5968	11945
5969	11943
5970	11940
5971	09839
5972	04512
5973	04510
5974	04517
5975	09836
5976	09835
5977	10092
5978	10091
5979	10090
5980	08610
5981	10096
5982	00463
5983	08618
5984	02649
5985	02648
5986	02641
5987	02643
5988	02642
5989	02645
5990	02644
5991	02647
5992	02646
5993	04777
5994	04776
5995	04775
5996	04774
5997	04773
5998	04772
5999	04770
6000	04779
6001	12949
6002	12942
6003	01234
6004	14395
6005	14396
6006	14397
6007	15914
6008	15917
6009	15443
6010	15913
6011	15912
6012	15449
6013	06436
6014	01421
6015	06342
6016	02911
6017	02910
6018	02913
6019	01423
6020	02915
6021	02917
6022	02919
6023	02918
6024	06612
6025	01930
6026	06611
6027	01426
6028	01934
6029	01935
6030	01938
6031	03206
6032	08871
6033	08872
6034	03205
6035	08874
6036	03203
6037	03200
6038	08877
6039	08878
6040	03209
6041	09459
6042	09458
6043	06928
6044	06929
6045	06861
6046	06921
6047	09107
6048	13722
6049	13723
6050	13724
6051	07794
6052	09457
6053	11378
6054	11376
6055	07699
6056	09102
6057	19418
6058	03828
6059	19415
6060	09853
6061	04572
6062	09671
6063	09670
6064	07523
6065	02002
6066	07521
6067	07520
6068	07527
6069	02006
6070	07525
6071	02004
6072	07529
6073	07528
6074	02345
6075	02346
6076	02347
6077	02340
6078	02341
6079	02342
6080	07503
6081	16809
6082	16801
6083	16804
6084	12138
6085	12133
6086	12130
6087	12131
6088	12137
6089	12135
6090	10152
6091	10153
6092	10402
6093	10403
6094	10156
6095	10405
6096	10406
6097	10407
6098	10408
6099	10409
6100	05587
6101	05586
6102	05585
6103	05584
6104	05582
6105	05581
6106	05589
6107	05588
6108	01697
6109	01695
6110	01694
6111	01693
6112	01698
6113	03835
6114	03834
6115	03837
6116	09131
6117	03831
6118	09137
6119	03833
6120	03832
6121	09138
6122	09139
6123	03839
6124	03838
6125	05363
6126	05362
6127	05361
6128	05360
6129	05367
6130	05366
6131	05365
6132	05364
6133	05369
6134	04188
6135	04189
6136	13263
6137	04182
6138	04183
6139	04184
6140	04185
6141	04187
6142	08406
6143	14272
6144	09852
6145	15605
6146	07065
6147	07063
6148	07060
6149	15604
6150	09855
6151	00258
6152	04794
6153	00254
6154	00255
6155	00256
6156	00251
6157	00252
6158	00253
6159	07208
6160	07209
6161	07202
6162	07200
6163	07201
6164	07206
6165	07207
6166	07204
6167	07205
6168	11448
6169	12570
6170	03107
6171	19353
6172	19352
6173	16124
6174	19358
6175	16121
6176	16123
6177	16650
6178	06007
6179	06557
6180	06004
6181	06002
6182	06001
6183	06008
6184	10986
6185	12198
6186	01563
6187	19086
6188	16055
6189	11585
6190	11583
6191	16057
6192	11589
6193	13339
6194	00770
6195	17293
6196	00896
6197	00894
6198	00895
6199	00893
6200	00890
6201	00899
6202	11639
6203	11631
6204	13330
6205	06097
6206	17591
6207	05116
6208	05117
6209	05110
6210	05111
6211	05118
6212	05119
6213	04571
6214	09674
6215	09677
6216	09676
6217	04575
6218	04574
6219	04577
6220	04579
6221	09679
6222	09678
6223	00401
6224	00400
6225	00403
6226	00405
6227	00404
6228	00406
6229	00409
6230	00408
6231	02667
6232	02666
6233	02665
6234	02664
6235	02663
6236	02661
6237	02660
6238	02669
6239	02668
6240	11965
6241	11966
6242	11962
6243	11968
6244	15600
6245	15602
6246	04799
6247	04798
6248	04795
6249	02160
6250	04797
6251	04796
6252	04790
6253	04793
6254	04792
6255	10217
6256	10210
6257	15933
6258	15932
6259	15931
6260	15937
6261	15936
6262	15935
6263	15938
6264	05182
6265	01316
6266	01312
6267	01313
6268	02939
6269	01311
6270	02937
6271	02936
6272	02935
6273	02932
6274	02931
6275	02930
6276	01918
6277	06639
6278	01910
6279	06633
6280	03228
6281	03229
6282	08899
6283	03224
6284	03225
6285	08894
6286	03227
6287	03220
6288	03221
6289	03222
6290	03223
6291	11037
6292	11034
6293	05636
6294	11032
6295	11867
6296	06948
6297	06942
6298	06943
6299	06944
6300	06945
6301	01319
6302	01839
6303	02069
6304	07548
6305	01838
6306	19296
6307	04329
6308	02061
6309	02060
6310	02063
6311	02065
6312	04898
6313	04899
6314	06490
6315	04892
6316	04893
6317	04890
6318	04896
6319	06499
6320	04894
6321	04895
6322	00792
6323	00795
6324	00794
6325	00797
6326	00796
6327	00799
6328	00798
6329	02322
6330	09240
6331	02321
6332	02326
6333	02327
6334	02325
6335	04323
6336	04324
6337	14489
6338	09245
6339	02498
6340	02499
6341	04451
6342	16353
6343	16826
6344	08897
6345	02490
6346	02491
6347	02492
6348	02495
6349	02496
6350	02497
6351	12112
6352	12115
6353	12116
6354	12117
6355	12118
6356	12119
6357	04107
6358	05122
6359	08890
6360	17194
6361	17192
6362	10171
6363	10172
6364	10174
6365	10177
6366	05569
6367	05568
6368	05565
6369	05567
6370	05566
6371	05560
6372	05562
6373	01679
6374	01678
6375	01675
6376	01674
6377	01677
6378	01671
6379	01673
6380	09118
6381	03812
6382	03811
6383	03810
6384	03817
6385	03816
6386	03815
6387	03814
6388	09444
6389	09445
6390	09442
6391	09443
6392	09117
6393	08798
6394	08795
6395	08794
6396	05309
6397	05450
6398	05303
6399	05302
6400	05305
6401	14072
6402	05980
6403	14141
6404	05454
6405	13241
6406	13247
6407	05984
6408	18171
6409	07046
6410	07047
6411	18175
6412	18176
6413	07049
6414	14816
6415	08426
6416	08425
6417	14814
6418	08423
6419	08421
6420	00232
6421	14813
6422	00231
6423	00236
6424	00237
6425	00234
6426	00235
6427	07221
6428	07222
6429	07223
6430	07225
6431	07226
6432	07229
6433	07958
6434	06795
6435	06794
6436	06792
6437	06799
6438	06798
6439	08935
6440	08934
6441	08931
6442	08930
6443	08932
6444	08939
6445	08938
6446	11709
6447	16108
6448	16103
6449	16101
6450	16107
6451	16106
6452	16104
6453	06572
6454	06571
6455	06570
6456	06577
6457	06575
6458	13885
6459	13887
6460	13886
6461	17941
6462	18332
6463	18335
6464	10721
6465	17508
6466	11658
6467	11659
6468	11653
6469	11656
6470	11657
6471	11654
6472	11655
6473	05172
6474	05171
6475	05177
6476	05179
6477	16134
6478	09653
6479	09651
6480	04229
6481	04228
6482	09655
6483	04558
6484	04557
6485	04556
6486	09875
6487	04226
6488	04553
6489	09300
6490	09871
6491	04222
6492	00429
6493	00428
6494	00427
6495	00426
6496	00425
6497	00424
6498	00423
6499	00422
6500	00421
6501	02684
6502	02687
6503	02686
6504	02681
6505	02680
6506	02682
6507	11906
6508	11907
6509	12303
6510	12302
6511	12909
6512	15627
6513	15626
6514	15625
6515	15624
6516	10230
6517	05796
6518	05797
6519	05791
6520	05798
6521	05799
6522	01087
6523	01084
6524	01085
6525	01082
6526	01083
6527	01080
6528	01081
6529	15959
6530	15958
6531	15489
6532	02068
6533	15951
6534	15950
6535	03799
6536	03028
6537	03029
6538	03794
6539	03795
6540	03796
6541	03797
6542	03790
6543	03791
6544	03020
6545	03021
6546	14684
6547	14682
6548	01339
6549	07540
6550	01334
6551	01335
6552	01336
6553	01330
6554	07543
6555	03108
6556	03249
6557	03242
6558	03243
6559	03240
6560	03246
6561	03247
6562	03244
6563	03245
6564	11011
6565	17889
6566	17880
6567	17887
6568	11333
6569	19106
6570	07567
6571	02046
6572	07565
6573	07564
6574	02043
6575	11488
6576	11485
6577	11484
6578	11483
6579	05714
6580	02049
6581	11480
6582	05715
6583	00168
6584	05713
6585	00169
6586	05710
6587	06968
6588	06969
6589	05711
6590	08372
6591	08371
6592	08700
6593	02308
6594	02309
6595	08993
6596	16595
6597	16597
6598	02300
6599	02301
6600	02303
6601	02304
6602	02305
6603	12680
6604	12689
6605	10827
6606	00164
6607	10829
6608	08991
6609	16379
6610	16374
6611	16375
6612	16376
6613	16377
6614	16371
6615	16372
6616	16373
6617	01536
6618	06217
6619	01534
6620	01535
6621	01532
6622	01533
6623	01530
6624	01531
6625	06218
6626	01539
6627	07322
6628	05549
6629	05091
6630	05093
6631	05540
6632	05095
6633	05546
6634	05545
6635	05544
6636	09465
6637	09466
6638	09467
6639	09461
6640	01653
6641	01652
6642	09468
6643	01656
6644	01655
6645	03879
6646	01557
6647	03871
6648	03870
6649	03873
6650	03872
6651	03874
6652	13938
6653	05891
6654	05890
6655	05892
6656	05323
6657	05322
6658	05897
6659	05896
6660	05329
6661	15732
6662	15882
6663	09792
6664	09795
6665	09798
6666	09799
6667	14235
6668	07021
6669	18194
6670	07029
6671	18192
6672	18193
6673	04056
6674	04057
6675	04054
6676	04055
6677	04053
6678	04050
6679	04058
6680	04059
6681	00211
6682	00212
6683	00213
6684	00214
6685	00215
6686	00217
6687	00218
6688	00219
6689	00282
6690	03499
6691	03498
6692	03497
6693	03496
6694	03495
6695	03494
6696	03493
6697	03492
6698	03490
6699	07792
6700	07977
6701	07970
6702	07972
6703	16356
6704	16357
6705	06779
6706	06775
6707	06774
6708	06771
6709	06770
6710	06773
6711	06772
6712	08913
6713	08912
6714	08911
6715	08910
6716	08917
6717	08916
6718	08915
6719	08914
6720	08918
6721	16359
6722	06515
6723	02234
6724	11648
6725	16163
6726	16165
6727	16167
6728	13410
6729	11671
6730	11672
6731	06224
6732	11675
6733	11676
6734	16787
6735	02519
6736	02518
6737	02515
6738	02514
6739	02517
6740	02511
6741	02510
6742	02513
6743	02512
6744	05158
6745	12097
6746	12090
6747	05150
6748	05151
6749	05152
6750	05153
6751	05154
6752	05155
6753	05156
6754	05157
6755	09639
6756	04209
6757	04208
6758	09323
6759	04202
6760	09321
6761	09632
6762	04207
6763	09326
6764	04205
6765	04204
6766	10782
6767	10787
6768	10034
6769	10037
6770	10033
6771	11928
6772	11929
6773	12320
6774	12325
6775	12324
6776	11923
6777	11924
6778	11925
6779	11926
6780	11927
6781	10259
6782	10258
6783	10251
6784	10255
6785	10257
6786	10256
6787	18695
6788	06422
6789	08030
6790	03004
6791	03005
6792	03006
6793	03007
6794	03000
6795	03001
6796	03002
6797	03009
6798	01358
6799	01359
6800	01351
6801	01354
6802	01355
6803	03260
6804	03261
6805	03263
6806	03264
6807	03265
6808	03266
6809	03267
6810	18037
6811	18031
6812	18030
6813	18032
6814	11079
6815	11072
6816	11070
6817	11075
6818	06876
6819	15975
6820	15973
6821	15972
6822	15971
6823	06874
6824	15979
6825	11482
6826	06871
6827	03819
6828	11310
6829	09113
6830	12068
6831	19125
6832	09115
6833	00004
6834	00006
6835	00001
6836	00003
6837	00002
6838	00009
6839	00008
6840	04563
6841	09840
6842	09662
6843	07580
6844	07582
6845	15207
6846	12526
6847	09844
6848	04858
6849	04859
6850	04854
6851	04852
6852	15208
6853	04850
6854	04851
6855	06984
6856	06983
6857	06980
6858	06981
6859	06186
6860	06184
6861	06182
6862	06183
6863	06180
6864	06181
6865	12664
6866	12665
6867	12661
6868	10808
6869	10809
6870	16319
6871	16313
6872	16316
6873	16317
6874	16315
6875	01518
6876	01519
6877	06234
6878	01515
6879	06236
6880	06237
6881	01510
6882	06232
6883	06233
6884	05521
6885	05522
6886	05525
6887	05524
6888	05527
6889	05529
6890	01631
6891	01630
6892	01634
6893	01637
6894	01636
6895	12060
6896	01638
6897	09402
6898	09403
6899	03855
6900	03854
6901	09406
6902	03852
6903	03851
6904	03850
6905	09408
6906	09409
6907	03858
6908	00749
6909	17040
6910	17043
6911	01188
6912	01187
6913	01186
6914	01185
6915	01181
6916	01180
6917	18208
6918	18209
6919	14787
6920	18207
6921	04691
6922	04692
6923	04694
6924	04697
6925	04699
6926	00582
6927	00583
6928	00585
6929	00587
6930	00589
6931	02726
6932	02727
6933	02724
6934	02725
6935	02722
6936	02723
6937	02720
6938	02721
6939	08204
6940	08203
6941	02728
6942	02729
6943	07000
6944	07002
6945	07004
6946	15781
6947	04078
6948	15787
6949	04075
6950	04077
6951	04070
6952	04072
6953	04835
6954	07910
6955	07915
6956	06751
6957	06750
6958	06755
6959	08978
6960	08970
6961	08973
6962	08972
6963	08975
6964	08974
6965	08977
6966	08976
6967	06532
6968	10883
6969	19095
6970	16146
6971	16145
6972	12181
6973	17237
6974	17235
6975	16043
6976	16517
6977	11698
6978	11557
6979	02539
6980	02538
6981	02533
6982	02532
6983	02530
6984	02537
6985	02536
6986	02535
6987	02534
6988	02118
6989	10018
6990	10013
6991	10011
6992	10014
6993	06437
6994	12348
6995	12341
6996	03787
6997	12343
6998	12344
6999	12347
7000	03786
7001	10277
7002	04206
7003	10270
7004	10279
7005	12603
7006	15743
7007	09617
7008	09616
7009	09343
7010	04262
7011	04265
7012	04264
7013	09347
7014	04266
7015	04269
7016	04268
7017	09619
7018	03062
7019	03063
7020	03060
7021	03061
7022	03066
7023	08563
7024	03064
7025	03065
7026	03068
7027	03069
7028	01370
7029	01373
7030	01374
7031	01377
7032	01378
7033	03288
7034	03289
7035	03287
7036	03284
7037	03285
7038	03283
7039	03280
7040	03281
7041	11053
7042	18015
7043	05627
7044	04485
7045	04484
7046	05197
7047	04481
7048	04480
7049	04483
7050	04482
7051	05190
7052	17841
7053	00238
7054	17843
7055	05191
7056	00395
7057	00394
7058	00397
7059	00396
7060	15999
7061	15998
7062	00393
7063	00392
7064	15995
7065	15997
7066	15996
7067	00399
7068	00398
7069	15993
7070	15992
7071	02883
7072	02882
7073	02881
7074	02880
7075	02887
7076	02886
7077	02884
7078	07615
7079	07617
7080	02888
7081	07611
7082	02922
7083	07613
7084	15194
7085	02923
7086	05040
7087	00023
7088	00022
7089	00021
7090	00020
7091	00026
7092	00025
7093	00024
7094	00029
7095	08428
7096	06296
7097	04876
7098	04877
7099	04870
7100	04873
7101	02083
7102	02081
7103	04878
7104	04879
7105	02084
7106	15227
7107	15225
7108	12504
7109	06292
7110	01821
7111	01822
7112	01823
7113	16556
7114	16557
7115	16558
7116	16088
7117	16089
7118	09502
7119	16082
7120	16080
7121	16081
7122	16086
7123	16087
7124	16085
7125	03931
7126	10868
7127	10869
7128	10861
7129	16887
7130	16885
7131	16338
7132	16888
7133	16889
7134	06258
7135	06259
7136	09765
7137	01572
7138	06253
7139	09764
7140	01576
7141	01577
7142	01574
7143	01575
7144	04321
7145	04464
7146	05508
7147	05507
7148	05506
7149	05505
7150	05056
7151	05503
7152	05502
7153	05501
7154	04462
7155	17687
7156	01619
7157	01618
7158	01617
7159	01616
7160	01615
7161	09980
7162	01612
7163	01611
7164	01610
7165	13595
7166	13592
7167	09421
7168	09423
7169	09424
7170	09425
7171	09426
7172	09427
7173	11734
7174	01287
7175	11732
7176	11738
7177	10473
7178	17065
7179	14154
7180	00625
7181	00624
7182	00627
7183	00626
7184	00621
7185	00620
7186	00623
7187	00622
7188	05446
7189	00629
7190	00628
7191	00372
7192	10488
7193	10482
7194	10484
7195	09288
7196	09289
7197	04678
7198	04679
7199	09284
7200	04677
7201	09286
7202	09280
7203	04673
7204	09282
7205	04671
7206	16266
7207	00568
7208	00569
7209	00566
7210	00567
7211	00564
7212	00565
7213	00562
7214	00563
7215	00560
7216	00561
7217	08779
7218	02709
7219	02705
7220	02706
7221	02707
7222	02701
7223	02702
7224	02703
7225	04019
7226	04012
7227	04010
7228	04011
7229	04016
7230	04017
7231	04014
7232	04015
7233	08481
7234	11873
7235	08489
7236	18224
7237	18220
7238	15503
7239	15500
7240	15507
7241	06886
7242	06732
7243	06735
7244	06734
7245	06737
7246	06736
7247	06739
7248	06738
7249	06888
7250	08957
7251	03544
7252	03547
7253	03540
7254	03543
7255	03542
7256	03549
7257	08959
7258	08958
7259	07280
7260	07281
7261	07934
7262	07284
7263	07938
7264	07288
7265	06089
7266	06087
7267	06085
7268	15210
7269	06080
7270	06271
7271	04342
7272	07426
7273	07427
7274	07424
7275	07425
7276	02142
7277	02143
7278	02140
7279	02141
7280	11504
7281	02148
7282	11501
7283	06275
7284	00819
7285	00815
7286	00812
7287	00813
7288	00810
7289	02551
7290	02550
7291	02553
7292	02552
7293	02555
7294	02554
7295	02557
7296	02556
7297	02559
7298	02558
7299	03664
7300	17212
7301	10072
7302	10075
7303	10079
7304	12363
7305	12360
7306	04227
7307	10294
7308	10297
7309	10293
7310	05266
7311	05264
7312	05265
7313	05262
7314	05263
7315	05260
7316	05261
7317	05269
7318	02299
7319	09369
7320	04248
7321	09367
7322	04246
7323	04245
7324	09364
7325	09363
7326	09362
7327	04241
7328	09360
7329	03738
7330	03739
7331	03040
7332	03737
7333	03734
7334	08547
7335	03044
7336	03045
7337	03730
7338	06444
7339	04220
7340	01398
7341	01399
7342	01397
7343	01394
7344	01395
7345	01392
7346	13017
7347	13013
7348	13010
7349	13019
7350	02076
7351	03119
7352	07557
7353	18070
7354	18072
7355	03446
7356	09943
7357	09942
7358	09941
7359	03440
7360	09949
7361	03442
7362	04106
7363	04853
7364	07639
7365	07633
7366	07630
7367	12009
7368	00043
7369	00042
7370	00045
7371	00044
7372	00047
7373	04813
7374	04811
7375	04816
7376	04817
7377	05722
7378	04819
7379	15249
7380	15248
7381	15245
7382	08362
7383	03596
7384	05724
7385	03594
7386	04300
7387	16538
7388	12623
7389	12620
7390	12629
7391	10842
7392	10845
7393	10849
7394	01550
7395	01551
7396	01804
7397	06273
7398	01802
7399	01803
7400	01556
7401	06277
7402	12190
7403	01559
7404	12192
7405	12193
7406	12194
7407	12196
7408	01809
7409	08649
7410	05078
7411	05073
7412	05070
7413	05077
7414	05076
7415	05074
7416	17662
7417	03899
7418	03898
7419	03893
7420	03892
7421	03891
7422	03890
7423	03897
7424	03896
7425	03895
7426	11710
7427	11717
7428	11718
7429	17009
7430	17007
7431	00602
7432	00601
7433	00600
7434	00607
7435	00606
7436	00605
7437	09401
7438	00609
7439	00608
7440	15899
7441	04654
7442	04655
7443	04656
7444	04657
7445	04650
7446	04652
7447	04653
7448	04658
7449	00545
7450	00546
7451	04389
7452	00540
7453	00541
7454	00542
7455	00543
7456	04382
7457	04383
7458	04380
7459	04381
7460	04386
7461	04387
7462	04384
7463	04385
7464	10556
7465	05381
7466	05380
7467	05383
7468	05382
7469	05385
7470	05384
7471	05387
7472	05389
7473	02760
7474	02761
7475	02767
7476	02764
7477	02765
7478	09006
7479	04031
7480	09004
7481	04033
7482	04034
7483	09003
7484	04036
7485	04037
7486	04038
7487	04039
7488	09008
7489	09009
7490	06355
7491	18243
7492	18245
7493	14298
7494	00297
7495	03387
7496	03386
7497	03385
7498	03384
7499	03383
7500	03382
7501	03380
7502	03389
7503	03388
7504	05925
7505	05924
7506	05927
7507	05926
7508	05920
7509	05923
7510	06352
7511	05928
7512	01235
7513	03583
7514	01237
7515	01236
7516	01231
7517	01230
7518	01233
7519	01232
7520	01239
7521	01238
7522	06869
7523	06868
7524	06717
7525	06716
7526	06715
7527	06714
7528	06713
7529	06712
7530	03582
7531	03563
7532	03562
7533	03561
7534	03560
7535	03566
7536	03565
7537	03564
7538	03569
7539	11154
7540	11157
7541	06350
7542	03402
7543	01527
7544	13804
7545	06202
7546	11526
7547	11520
7548	11521
7549	11523
7550	11528
7551	07408
7552	02169
7553	02164
7554	07406
7555	02167
7556	07400
7557	02161
7558	02162
7559	00834
7560	00835
7561	00836
7562	00837
7563	00830
7564	00831
7565	00833
7566	08811
7567	16274
7568	16270
7569	02578
7570	02577
7571	02575
7572	02574
7573	02573
7574	02572
7575	02571
7576	02570
7577	17276
7578	17279
7579	10729
7580	10056
7581	10053
7582	12380
7583	15642
7584	05249
7585	05718
7586	05717
7587	05246
7588	05247
7589	05241
7590	05242
7591	05243
7592	17492
7593	01009
7594	01006
7595	01007
7596	01004
7597	01003
7598	01000
7599	01001
7600	08513
7601	13388
7602	13389
7603	11899
7604	11894
7605	11895
7606	11897
7607	11891
7608	13031
7609	13033
7610	11097
7611	18052
7612	18051
7613	11093
7614	11099
7615	17804
7616	17808
7617	07860
7618	09923
7619	09922
7620	09924
7621	03714
7622	03716
7623	03710
7624	03711
7625	03719
7626	07653
7627	07870
7628	00066
7629	00064
7630	00063
7631	00062
7632	00061
7633	00060
7634	09474
7635	04839
7636	09657
7637	04833
7638	12818
7639	15269
7640	09656
7641	03502
7642	04559
7643	04225
7644	03507
7645	09876
7646	09307
7647	16519
7648	09658
7649	04746
7650	04221
7651	16044
7652	16045
7653	16515
7654	16040
7655	16041
7656	12608
7657	04551
7658	09302
7659	04520
7660	01828
7661	01829
7662	01824
7663	01825
7664	01826
7665	01827
7666	01820
7667	06293
7668	06290
7669	06291
7670	13636
7671	13634
7672	11508
7673	17642
7674	17644
7675	00993
7676	00992
7677	00991
7678	00990
7679	00997
7680	00996
7681	00995
7682	00994
7683	00999
7684	00998
7685	11771
7686	11775
7687	11774
7688	09586
7689	17021
7690	17029
7691	00661
7692	00660
7693	00663
7694	00662
7695	00665
7696	05011
7697	05010
7698	05012
7699	05015
7700	05014
7701	05017
7702	02293
7703	02291
7704	02296
7705	02297
7706	02295
7707	04632
7708	04633
7709	04630
7710	04631
7711	04637
7712	04634
7713	04635
7714	04638
7715	04639
7716	00523
7717	00520
7718	00526
7719	00527
7720	00524
7721	00528
7722	00529
7723	02740
7724	02742
7725	02743
7726	02744
7727	02745
7728	02746
7729	02747
7730	02748
7731	02749
7732	08731
7733	15275
7734	15722
7735	15892
7736	09029
7737	09024
7738	09025
7739	09026
7740	15729
7741	09020
7742	09021
7743	09022
7744	09023
7745	00298
7746	00299
7747	10555
7748	10551
7749	00291
7750	00292
7751	00293
7752	00294
7753	00295
7754	00296
7755	10559
7756	15093
7757	15094
7758	15096
7759	08193
7760	08190
7761	03368
7762	03364
7763	03367
7764	03361
7765	03360
7766	03363
7767	03362
7768	05903
7769	05901
7770	05900
7771	05906
7772	01213
7773	01211
7774	01210
7775	01217
7776	01216
7777	01215
7778	01214
7779	01219
7780	01218
7781	06849
7782	06848
7783	06843
7784	06841
7785	06847
7786	06846
7787	06845
7788	06844
7789	03509
7790	08998
7791	03501
7792	03500
7793	03503
7794	08990
7795	03505
7796	08996
7797	08995
7798	08994
7799	14413
7800	11172
7801	11177
7802	14415
